Jobs, Machines = 200, 100
Processing times (line n contains processing time for job n for machines 1 to m):
1447
2413
610
2115
2615
3390
391
2890
1855
3558
2173
3547
3955
3204
1213
1646
1954
2658
3664
1653
3259
4377
2453
4798
2582
4429
2697
889
234
2242
2304
3599
2827
187
4376
239
4371
120
730
1515
4095
708
3680
4560
4666
4153
4527
3967
3820
1126
3291
3040
1198
596
621
424
2422
326
4909
4414
2949
2147
4175
3486
2700
2708
1230
3274
957
4920
2537
1538
2107
4191
3917
9
3417
525
1793
3499
1418
3091
2351
2344
3673
1496
2480
1843
5000
2833
4540
1042
4524
922
1558
3273
2345
1207
1743
325
2396
4098
3247
2719
4458
2099
2314
4581
2071
978
3843
3665
4114
85
3498
1121
2013
3448
2470
3187
1708
4828
4750
4550
457
1535
2966
1586
3189
4542
3289
2005
2526
1237
4009
450
4186
749
2190
3193
2962
1605
157
360
3575
1208
4958
426
1725
4446
4749
564
76
1404
2281
3982
1828
4635
4846
4365
1011
4957
1242
4556
177
581
845
4290
3357
1706
639
1689
3983
930
588
3484
2457
3612
4388
3102
1680
360
4476
4506
801
4665
3001
358
2240
107
1682
1401
4065
4453
1969
4977
3088
2880
1569
287
Optimal makespan = 5084.7
