Jobs, Machines = 100, 60
Processing times (line n contains processing time for job n for machines 1 to m):
136
903
328
265
585
692
849
24
60
721
776
72
686
114
824
563
731
371
492
66
88
380
949
585
682
499
746
322
566
561
74
733
803
961
579
751
224
210
5
164
949
102
138
954
967
727
592
162
284
22
916
126
940
459
250
171
953
492
206
325
196
726
599
229
749
928
91
820
226
853
53
669
844
3
931
657
956
28
842
480
657
930
697
485
928
49
720
185
602
155
893
672
135
135
731
666
662
179
307
922
Optimal makespan = 967.0
