Jobs, Machines = 100, 50
Processing times (line n contains processing time for job n for machines 1 to m):
4345
369
2068
4039
3107
850
2273
2944
1280
200
952
839
2494
1831
427
689
1473
785
4205
2013
3147
980
2106
1723
2831
2599
3044
3595
2202
4423
4396
3438
4029
4154
322
4459
4217
2712
4711
3138
2152
1606
4828
1103
2497
2309
132
2744
4866
3695
4876
4207
4107
18
1380
4571
3581
4925
533
1385
3695
4732
2982
915
662
1578
928
3413
1119
1392
4401
433
4321
3734
2538
2626
4668
526
3550
2851
4587
2814
2381
4194
1445
770
3547
104
1374
239
2101
1759
4598
2079
3580
695
596
4411
467
1488
Optimal makespan = 4984.34
