Jobs, Machines = 150, 75
Processing times (line n contains processing time for job n for machines 1 to m):
3399
3065
3341
4723
3604
2104
444
3164
2122
3809
3890
1718
3081
3743
1232
861
501
3689
4795
3804
3784
2616
2290
3028
510
3485
1934
2982
4304
3503
3578
932
2275
4307
3181
902
2129
3778
1416
2781
810
4196
1772
3801
3824
1502
1647
666
1236
4795
1863
1594
2106
4180
4054
3621
1382
1510
4845
576
4057
3457
2562
3490
3145
2106
547
1295
246
4936
4281
4814
3287
1363
1755
4607
1144
116
3834
4481
2143
545
3379
4603
2346
2040
3435
2791
2639
3888
3244
2125
3630
4670
3226
4030
4344
3929
318
4276
827
2454
1382
2592
4328
4982
2988
2629
1412
784
4227
1930
3207
3950
124
243
4008
1465
1682
3048
910
179
4321
1841
1462
3713
2737
4220
866
1854
2990
62
4235
4046
1333
1321
1646
514
1851
279
1969
1305
350
587
2283
4577
4524
4673
2376
1964
Optimal makespan = 5215.44
