Jobs, Machines = 100, 50
Processing times (line n contains processing time for job n for machines 1 to m):
4742
611
927
2985
1275
987
2861
294
440
4069
2881
3296
2455
3330
1687
1701
655
3156
244
1230
3706
1710
22
4518
765
3479
2991
1785
1910
1398
3265
4299
463
4200
2196
4224
3091
2453
3109
3732
4274
2554
4340
4379
4293
1299
608
3861
877
1353
3999
4329
1227
3698
3065
1021
2694
1968
1689
4079
870
3202
4607
3490
1750
401
4297
2513
3209
12
2429
4488
1794
1302
4489
4618
4865
1637
1720
4887
2509
2373
4087
3679
2524
1906
4318
4968
750
3526
1909
4191
1531
3263
763
4905
149
1183
4792
4138
Optimal makespan = 5255.86
