Jobs, Machines = 500, 50
Processing times (line n contains processing time for job n for machines 1 to m):
1
52
82
69
92
49
65
71
71
35
93
81
30
7
87
32
47
49
92
29
59
16
31
67
19
54
19
22
26
93
35
28
61
35
46
43
93
50
22
7
48
17
38
14
23
55
93
13
86
27
23
3
62
22
8
36
51
65
68
4
93
16
33
3
50
44
15
58
84
90
93
2
24
53
3
66
75
55
4
77
22
60
97
56
69
80
61
47
50
58
36
15
81
97
69
33
18
29
17
55
91
44
91
10
10
30
75
49
89
70
87
56
7
81
1
13
36
64
22
18
39
91
99
50
8
86
45
57
18
65
1
3
34
60
93
33
37
93
5
69
17
36
29
73
6
20
65
76
2
23
89
68
49
67
62
46
21
55
87
47
43
1
48
24
93
48
20
23
26
76
31
13
46
3
28
15
41
46
30
31
43
65
49
69
17
49
66
31
74
90
12
69
56
81
94
16
20
98
21
73
51
97
68
85
94
70
50
52
25
56
40
17
19
71
26
2
26
36
92
68
84
10
80
29
72
12
52
34
16
67
77
62
4
90
91
54
60
38
56
83
69
84
61
93
92
93
54
52
87
81
89
15
34
55
87
36
48
11
11
32
98
32
64
74
28
41
99
13
95
41
93
76
29
73
52
17
94
61
96
47
94
59
42
33
16
29
44
96
78
19
38
18
79
74
69
59
70
29
73
97
17
73
8
17
18
53
33
95
52
33
61
14
72
68
39
31
19
24
85
64
40
6
34
66
69
57
61
39
52
30
88
6
6
81
90
80
40
73
5
47
7
31
61
90
42
79
13
67
46
93
47
50
1
45
77
60
45
25
43
20
61
55
3
59
78
84
77
38
26
89
14
23
30
79
28
78
8
72
90
24
44
69
27
24
8
83
9
32
14
7
79
84
17
96
97
23
41
11
83
87
62
86
70
65
18
94
56
11
61
5
85
10
82
84
79
24
59
80
33
7
71
53
63
6
89
3
62
7
61
69
11
35
56
52
16
90
51
70
80
14
67
30
46
69
74
87
59
81
36
65
15
4
40
87
30
60
34
38
82
21
67
77
28
17
81
7
56
74
64
46
88
54
70
64
16
36
14
38
29
87
35
72
77
11
45
51
27
17
82
44
65
92
37
94
86
48
24
94
38
41
Optimal makespan = 498.0
