Jobs, Machines = 200, 100
Processing times (line n contains processing time for job n for machines 1 to m):
2748
1382
1348
2227
2170
2836
3495
2185
4072
1919
2995
3256
3818
4367
226
504
993
3692
1753
4057
4612
720
4315
2823
1870
624
2166
4718
3196
4833
2159
2235
98
200
3614
4850
1331
1004
805
4531
3157
2880
1168
1812
1372
3545
2108
4959
1943
4008
4088
2913
3557
2487
1616
1984
3696
4383
2142
2859
2314
1812
2440
2112
2787
2619
2337
3469
3401
4564
1396
1940
1775
4264
4108
744
1660
4240
4900
4101
1356
3027
2156
4367
1751
2712
2465
3581
2693
1858
4001
3879
1415
2028
292
2395
775
918
3350
4819
668
4993
4088
2013
4622
2606
2570
2420
1400
342
42
2663
15
4174
371
1103
2918
4569
1964
2540
2394
1182
262
4819
642
1981
292
4284
1359
4911
997
939
2240
4483
4515
2083
4153
4887
4313
3286
353
1264
934
3470
1554
4114
4692
4745
4603
4534
4883
2288
4226
3180
2186
3884
39
693
3426
2804
3206
1010
130
2218
3843
3202
2675
893
2255
3136
3321
3066
4540
2123
875
3024
271
2210
4241
4127
3992
2805
635
2185
3463
3988
1681
185
512
1505
2307
1415
655
1541
516
4654
4716
3617
1887
2488
Optimal makespan = 5173.33
