Jobs, Machines = 100, 50
Processing times (line n contains processing time for job n for machines 1 to m):
2612
1362
2396
967
455
1315
349
2257
2285
4103
1239
2976
3887
3804
1641
2591
3651
4534
3603
282
3677
419
2167
1853
3235
4526
4224
4061
1942
4487
48
1318
1517
3470
3443
3607
4054
4631
3262
499
4453
804
1587
4545
388
4076
2781
3575
1279
2721
1667
2098
1127
1594
2644
4590
637
1626
1560
3125
254
1099
951
4612
3644
3768
4805
3024
2237
2669
2095
3122
1722
911
4705
2046
4968
3489
1652
4754
3836
2321
3383
2406
1371
3500
138
2078
1907
715
4697
3052
1901
2667
4806
599
3128
4608
519
2897
Optimal makespan = 5133.64
