Jobs, Machines = 200, 100
Processing times (line n contains processing time for job n for machines 1 to m):
3239
55
1010
86
3449
139
1143
2270
905
3698
3039
1573
1603
455
3472
3062
367
254
1574
4634
911
3591
685
637
316
4691
2768
653
1959
2959
1811
606
2724
761
1033
3585
421
2351
4630
4413
887
2730
3236
490
4779
3000
1195
2632
3880
4634
4808
1120
141
2269
4393
1925
3416
1853
4720
3097
865
4675
2538
1226
2644
4607
386
1604
2892
1636
749
4745
465
1061
2924
1466
379
4213
1756
2137
4796
2745
3507
4482
3458
865
23
4368
103
2820
2994
1301
2493
4444
3695
2621
2600
4580
173
3777
2517
118
3457
1515
2189
1043
4365
632
2836
4678
2334
2848
4440
3788
4550
3387
1207
2076
2202
2119
2274
623
1791
1096
211
4524
2154
2409
1774
3966
3416
4029
688
1109
848
4131
326
4556
4191
2837
4151
32
4466
4862
4013
2081
3283
2778
2329
3652
827
3967
3519
506
4979
2979
2513
357
3985
40
1806
272
2597
1946
318
1964
2414
3837
3184
1670
2786
1956
456
817
2918
1275
2609
4669
3506
2592
4197
3329
3618
289
4615
2296
1369
658
622
2123
4179
3091
2329
1275
1190
4891
9
3912
1475
2174
Optimal makespan = 4979
