Jobs, Machines = 500, 50
Processing times (line n contains processing time for job n for machines 1 to m):
58
97
74
70
17
22
95
53
38
38
61
95
29
85
37
36
28
29
43
11
7
26
34
78
40
49
25
41
55
78
29
70
58
19
64
76
68
95
88
8
68
92
62
35
54
31
56
18
68
9
58
39
14
70
88
70
53
2
50
4
23
28
88
99
68
2
63
36
24
52
96
94
85
21
27
53
17
47
10
54
95
48
85
95
30
75
45
77
57
61
78
1
70
21
31
67
41
96
6
13
39
99
72
40
93
54
19
42
47
82
76
84
13
45
48
39
58
61
92
3
45
48
81
25
97
7
34
6
18
27
30
30
2
74
45
39
62
95
31
12
6
83
71
30
16
47
54
81
94
77
62
83
68
67
93
19
12
53
92
33
84
10
76
29
77
77
4
63
44
23
9
49
82
14
51
97
89
91
91
87
9
23
57
35
49
54
38
41
45
84
49
7
85
4
32
47
77
77
6
45
27
12
9
92
61
91
14
61
63
23
82
82
17
37
84
7
98
22
92
54
63
52
98
97
96
92
70
85
45
17
37
8
25
3
27
72
58
86
52
64
58
55
79
5
94
70
11
64
93
11
6
41
90
34
9
68
1
27
32
28
80
36
83
75
78
72
15
46
98
59
9
81
79
66
15
64
60
98
55
83
56
57
69
29
56
86
39
75
33
37
91
54
90
31
12
75
62
83
86
22
15
14
53
89
28
74
1
19
35
75
50
20
46
15
84
71
66
80
32
91
49
63
2
29
41
26
78
38
94
73
42
65
3
34
80
25
89
81
90
38
29
38
21
20
89
48
46
65
41
51
64
84
53
98
24
71
24
7
34
77
41
81
82
58
72
2
66
28
16
64
63
96
34
79
75
83
34
51
16
70
45
40
91
16
70
19
84
87
87
54
83
76
18
79
14
64
92
81
64
2
25
39
39
99
35
21
72
32
49
83
89
52
1
36
79
9
69
32
88
79
29
81
93
62
89
33
31
91
45
58
74
91
67
29
35
45
2
71
95
97
44
70
10
92
11
98
92
21
34
85
59
55
73
18
98
99
4
27
84
40
78
89
84
62
37
27
51
49
34
79
42
69
89
23
64
51
19
48
12
10
89
43
33
46
38
31
3
94
10
66
14
23
44
50
65
9
23
77
39
98
Optimal makespan = 522.0
