Jobs, Machines = 100, 50
Processing times (line n contains processing time for job n for machines 1 to m):
4172
3524
1010
2942
3306
1765
84
2987
1547
2990
962
486
2652
3452
2677
3714
675
351
1541
3612
802
2317
4212
3572
956
4396
2162
257
989
1818
4663
2334
4542
1117
882
3967
2022
2663
3327
3165
2274
1601
4204
981
587
1580
3682
2042
3988
2533
1644
4640
3434
4982
1219
1600
967
3264
4914
2277
1573
851
4330
3811
46
32
1657
3679
3728
3936
4156
242
2538
624
2120
277
1870
4322
1195
3794
193
194
2500
1669
4802
35
4277
1171
2618
656
1163
3789
2213
1169
2333
2876
4997
916
3896
320
Optimal makespan = 4997
