Jobs, Machines = 100, 50
Processing times (line n contains processing time for job n for machines 1 to m):
4819
2065
2943
3736
827
29
4830
605
3963
2863
339
2707
1618
1644
1437
1778
1675
1394
3797
3757
2764
1719
2660
3428
1683
1640
2928
3961
3744
4203
309
629
4667
3842
4282
3213
4377
474
1242
2939
4302
780
962
4359
116
361
139
3485
2810
3739
633
3124
3380
681
3614
1158
4039
2437
3381
4537
4275
955
3935
3510
4428
2941
1427
732
2207
2822
3133
4759
263
1214
2197
767
624
2519
4687
4124
2403
1494
4387
1271
1615
1148
2976
4987
4904
1797
904
2848
807
3844
4001
4095
2530
3463
936
3004
Optimal makespan = 5090.0
