Jobs, Machines = 200, 100
Processing times (line n contains processing time for job n for machines 1 to m):
471
4137
2745
4638
3477
2164
4175
3844
3597
3705
2092
709
149
1639
1016
1028
1063
3141
3480
4675
3485
1614
4260
102
3357
2006
3131
323
341
2353
3873
2125
1929
277
2109
3170
2303
4449
1322
896
2439
2608
1383
4519
1191
4009
3239
1691
3521
4762
3757
4007
2608
2751
4060
2817
2860
2769
180
4579
82
4206
2713
1516
1675
4564
4062
1343
1975
24
3620
3207
4740
2876
3307
1366
2203
123
4859
3637
3109
2040
493
3835
4000
1425
2694
1807
4774
1098
466
4646
3953
1912
4347
4675
2006
1252
3729
4416
875
847
4343
3934
1768
2979
2858
1674
4022
390
912
1271
2539
2509
3684
4669
4784
4631
4449
3275
2198
653
3146
2952
4435
2284
4086
4378
1789
3820
4666
4476
4277
4420
3829
4043
1711
693
1020
4287
4310
4032
2618
4498
2129
4430
2791
3661
1783
2248
2346
394
2397
4130
183
3586
3178
1952
2335
1522
595
2941
1304
104
333
3125
3219
3407
3823
4904
436
4620
2285
620
3759
3357
3894
2751
1078
2054
1613
177
3602
3754
2864
891
3863
3217
513
1037
1785
1378
4592
4921
1899
4604
67
3507
1098
3517
Optimal makespan = 5355.02
