Jobs, Machines = 150, 75
Processing times (line n contains processing time for job n for machines 1 to m):
555
3253
3520
604
2114
4168
1831
1514
792
3
3914
3402
4483
3035
3946
4816
4072
3781
341
4298
759
1034
2710
2262
3721
3379
4140
3510
538
1239
985
1854
3604
2877
3200
36
2669
3116
1835
2324
200
2393
208
2500
1449
4306
3097
4030
620
1051
3166
4080
4289
1884
3034
1703
3715
3773
1853
3026
2404
4772
3056
3770
1386
2670
1428
3654
4577
473
3805
3625
3776
4528
2666
2275
80
345
4589
1573
4779
3182
2046
552
4064
653
1937
4613
662
1313
910
3222
5000
1145
3006
2587
834
4758
1184
605
88
1733
823
3024
1458
2375
1628
2871
3130
4511
2186
1678
3330
332
4904
3689
171
2731
1318
1055
2000
4295
708
4101
3060
1820
3334
1199
3635
530
731
2607
1462
638
3947
2348
1827
1985
83
267
2723
606
1272
1288
4524
2192
640
4247
419
444
Optimal makespan = 5000
