Jobs, Machines = 200, 10
Processing times (line n contains processing time for job n for machines 1 to m):
58
486
737
970
710
529
918
735
437
362
934
635
879
550
573
863
29
853
677
164
924
999
29
427
885
907
7
794
418
462
501
936
305
25
681
55
718
885
29
838
570
787
192
76
708
253
351
472
904
766
964
220
702
761
291
438
159
56
530
708
118
622
649
442
807
142
838
88
70
242
53
642
50
4
279
668
344
867
452
510
618
642
505
319
420
920
436
96
756
478
341
789
510
795
309
638
913
175
753
996
632
906
822
735
245
48
85
382
615
479
623
670
360
587
234
173
845
441
957
846
641
245
966
789
927
362
579
425
352
646
13
807
995
456
168
357
733
438
659
42
559
978
117
76
84
653
941
880
688
807
186
573
476
3
173
999
48
721
409
481
881
263
290
518
530
155
363
798
286
898
202
941
167
702
735
501
415
652
262
979
327
158
272
815
182
721
500
870
371
734
461
620
958
231
83
964
835
605
915
780
Optimal makespan = 10522.0
