Jobs, Machines = 100, 10
Processing times (line n contains processing time for job n for machines 1 to m):
58
486
737
970
710
529
918
735
437
362
934
635
879
550
573
863
29
853
677
164
924
999
29
427
885
907
7
794
418
462
501
936
305
25
681
55
718
885
29
838
570
787
192
76
708
253
351
472
904
766
964
220
702
761
291
438
159
56
530
708
118
622
649
442
807
142
838
88
70
242
53
642
50
4
279
668
344
867
452
510
618
642
505
319
420
920
436
96
756
478
341
789
510
795
309
638
913
175
753
996
Optimal makespan = 5213.0
