Jobs, Machines = 150, 75
Processing times (line n contains processing time for job n for machines 1 to m):
2392
1099
4932
2197
2643
2514
2776
4715
3916
2640
2634
3835
195
4878
4781
208
222
1829
4452
1319
4752
3470
1869
1479
1764
852
2205
2625
3575
195
2768
4355
1190
321
2837
4608
3111
549
547
4100
3824
416
1556
3308
1386
3505
156
726
4201
3239
6
2588
525
1498
3264
4011
3286
2235
3308
1767
4753
1642
2488
4267
2952
4475
2556
4081
3124
3372
4925
3041
3227
2935
2607
3504
177
1574
1693
344
1656
3999
893
65
997
2510
4396
1396
2082
3815
3099
4996
4928
1047
1021
3260
2494
2714
4915
2784
3994
3896
1796
1458
3265
20
2171
3121
3402
630
783
139
924
3622
3763
3305
394
3588
2910
4765
2247
689
148
2195
3600
3033
1595
4240
780
1578
3672
1052
3545
396
677
523
1755
196
139
3390
565
2088
3050
645
613
56
248
4652
557
2342
Optimal makespan = 4996
