Jobs, Machines = 200, 100
Processing times (line n contains processing time for job n for machines 1 to m):
2440
579
2707
3274
58
2244
103
2110
1748
2045
4910
1828
1570
846
2592
1933
663
1899
3319
4625
4181
745
4500
536
970
4196
3080
651
2628
2259
466
3837
1668
4332
2540
3962
673
4533
927
2102
4571
56
1228
2239
562
1954
4784
400
1935
4185
180
925
3452
3755
2377
3841
2062
3560
4695
714
1644
4352
4092
3270
1071
1340
4299
61
2845
4541
1076
75
4741
1993
1193
1540
4315
371
2310
1055
1302
64
4404
1977
1020
4648
4221
4466
1164
499
4208
967
3003
101
79
1770
355
848
4071
4839
3573
285
4797
2296
4801
269
3133
2890
1158
4345
1506
1124
2748
2094
3419
3219
1964
266
4217
4597
1717
3591
269
264
4375
1654
3673
2250
1249
2022
2665
1753
1848
3007
2465
4459
621
92
535
2938
708
622
2016
29
947
4506
3595
4258
2063
4956
1652
3075
1242
3810
2653
2073
2275
2082
4551
984
8
1451
29
3237
4227
4501
3176
2925
1738
3934
1814
1235
2129
3618
3407
2497
11
813
279
1573
129
4048
1856
269
988
2653
2894
1698
2953
3943
244
2010
1456
494
4380
3573
2728
4775
2909
4440
Optimal makespan = 4956
