Jobs, Machines = 200, 10
Processing times (line n contains processing time for job n for machines 1 to m):
642
36
186
169
714
745
723
69
198
949
386
920
255
804
56
450
177
222
60
999
364
245
216
643
193
653
425
969
21
506
60
808
592
763
48
796
831
742
751
741
493
762
63
530
74
161
278
240
170
868
532
791
923
691
956
774
653
353
765
950
732
258
429
844
115
12
734
96
882
298
124
930
269
78
461
484
89
489
458
627
506
780
1
664
446
524
740
115
497
423
382
451
316
491
84
659
61
105
796
635
420
622
182
30
662
618
109
741
930
46
350
448
447
544
588
863
780
749
869
42
856
695
991
828
860
230
536
299
348
166
161
900
392
285
942
188
326
942
424
824
185
377
689
335
35
356
565
673
745
796
321
591
362
315
929
377
741
476
658
14
241
696
538
883
395
160
923
504
535
651
621
354
885
243
39
761
403
590
732
190
255
131
40
739
644
592
256
95
158
843
547
219
967
418
140
863
959
839
656
128
Optimal makespan = 9784.5
