Jobs, Machines = 500, 50
Processing times (line n contains processing time for job n for machines 1 to m):
21
36
46
60
4
97
85
4
24
56
23
90
68
72
68
58
2
15
37
94
86
84
97
75
37
32
19
73
94
62
73
75
87
17
73
52
51
19
93
30
2
64
13
3
76
46
67
74
57
50
9
37
35
11
71
54
45
22
55
51
78
60
82
16
93
62
82
41
75
97
63
26
22
1
73
43
81
5
79
99
32
39
23
14
95
51
70
17
5
99
12
41
62
92
41
37
67
25
83
98
26
43
31
61
79
20
76
19
77
40
87
6
50
91
30
53
71
91
57
57
1
22
72
16
60
42
28
50
50
56
2
37
92
71
90
56
87
72
11
53
81
54
99
5
90
88
11
72
1
23
27
34
43
71
32
32
25
73
11
82
3
96
28
21
39
41
82
85
2
51
1
7
69
38
51
27
63
2
61
83
16
18
69
65
57
51
18
64
77
25
27
60
23
14
61
93
80
60
60
33
30
20
26
71
56
2
59
58
64
38
23
99
54
84
54
58
12
94
33
99
86
93
4
85
40
73
6
49
87
24
49
96
57
6
74
98
97
74
80
87
28
60
38
65
9
65
67
48
65
57
28
90
46
83
38
25
48
43
90
23
43
52
97
99
16
1
20
74
49
5
80
10
73
9
52
9
31
23
66
37
3
54
20
63
94
66
36
41
96
72
19
89
55
86
26
23
49
98
78
30
60
40
27
76
65
68
59
65
51
50
84
15
82
7
33
2
14
96
27
78
73
95
22
13
23
50
85
56
37
62
56
70
28
45
71
36
65
51
24
92
21
7
19
29
90
36
58
4
14
71
2
40
91
53
94
42
16
47
90
5
62
9
2
81
64
55
60
1
21
35
63
12
29
97
70
15
28
35
62
67
79
34
84
6
63
76
59
91
25
32
59
37
19
83
60
55
73
9
52
93
16
95
31
2
49
81
58
42
74
9
16
56
10
83
18
51
15
34
3
14
78
76
4
1
4
3
59
80
74
15
78
51
56
6
13
78
63
75
28
90
47
66
12
99
30
96
97
18
88
13
25
45
91
39
14
18
64
9
66
21
20
23
53
84
8
29
5
8
44
90
41
79
36
55
20
27
91
82
72
33
66
83
84
49
69
73
47
81
93
38
96
93
22
31
64
13
16
85
80
61
Optimal makespan = 499.0
