Jobs, Machines = 200, 100
Processing times (line n contains processing time for job n for machines 1 to m):
3490
2539
3831
3158
325
1676
3279
1566
4345
4711
374
2167
2325
4070
3681
4927
1286
917
1972
982
2537
3657
4592
366
4425
4991
2155
1102
2213
2851
2410
2751
4263
1607
812
4310
373
3616
3797
1509
4287
2651
4302
429
4088
2836
2667
1758
4335
3623
280
4233
377
351
890
1125
549
1899
734
4338
4098
4614
2011
2762
4529
2093
2780
2403
420
3221
4754
1351
1132
2536
4388
2983
150
4242
574
4108
1614
3742
960
2834
2016
2134
4711
2092
4319
946
1191
3963
2538
3600
2690
864
1413
2383
3859
2322
4401
363
1097
1437
2175
359
2405
4487
1738
2961
154
4036
3623
3890
3639
4758
3116
4298
4793
639
2751
1442
820
381
1383
3257
4695
2954
4394
3775
3883
1985
4538
4797
1304
1281
1124
265
4385
1744
804
3132
1306
2622
4250
2171
4564
4911
1353
2682
239
400
800
4216
3671
3882
2276
454
4578
4236
2317
3594
4339
3175
1171
1864
4152
3166
4343
4079
2950
1754
450
804
4958
803
114
962
353
1560
244
2163
2373
3126
3165
1172
3483
1363
3777
2676
4913
994
2384
4561
1017
2290
83
4376
2096
3187
Optimal makespan = 5114.75
