Jobs, Machines = 200, 100
Processing times (line n contains processing time for job n for machines 1 to m):
3466
106
1089
2276
3196
3505
389
588
2847
974
3757
3801
3218
3930
3727
4645
2492
782
70
3565
216
3849
3214
3160
242
3307
1944
4654
2655
3790
3658
4197
633
3129
772
2082
681
2601
4985
589
1834
4832
3016
3700
1271
2065
1786
3312
2630
3586
2005
4789
1490
4459
1264
325
103
2915
296
4620
3731
3997
3909
1345
3300
1234
3457
1072
1281
17
912
1552
1373
2151
3431
4901
4721
579
2053
4430
4513
4514
2514
444
3080
745
3157
2735
4364
467
1058
619
2460
204
3824
3058
1872
3073
3910
3884
1201
3916
3515
3237
4723
2628
2358
2060
3740
4335
341
2065
3983
1178
659
600
2734
78
3174
970
4390
1669
4922
106
2011
3155
320
4812
76
3167
3341
1115
1618
3367
3701
4851
3302
539
3921
2041
3805
2437
2594
2698
1348
4566
3633
659
4289
1524
368
3567
1118
1233
4155
2111
1063
1477
816
224
1969
2661
924
2215
4384
1365
4764
355
3580
2779
3443
3755
92
2151
853
1556
2908
2883
2943
2867
2627
951
1220
3954
699
4705
1397
3541
3985
2335
2967
4243
1624
484
2467
3150
2459
2207
1990
188
Optimal makespan = 4985
