Jobs, Machines = 200, 100
Processing times (line n contains processing time for job n for machines 1 to m):
4172
3524
1010
2942
3306
1765
84
2987
1547
2990
962
486
2652
3452
2677
3714
675
351
1541
3612
802
2317
4212
3572
956
4396
2162
257
989
1818
4663
2334
4542
1117
882
3967
2022
2663
3327
3165
2274
1601
4204
981
587
1580
3682
2042
3988
2533
1644
4640
3434
4982
1219
1600
967
3264
4914
2277
1573
851
4330
3811
46
32
1657
3679
3728
3936
4156
242
2538
624
2120
277
1870
4322
1195
3794
193
194
2500
1669
4802
35
4277
1171
2618
656
1163
3789
2213
1169
2333
2876
4997
916
3896
320
3831
1962
3519
4346
2737
3561
707
3075
3716
1951
1682
2848
2820
541
4500
2512
4384
1649
2773
4591
1628
4040
2405
1993
1531
1407
11
3356
4953
4314
1592
742
3698
1767
3675
1974
878
4696
3371
3209
1743
3833
4869
2507
1008
3514
2308
4933
3020
1608
2503
4672
2899
3885
3000
3430
272
3466
57
2731
1185
565
2386
238
4962
2174
33
1735
2608
2061
3589
2038
1215
2281
2824
2932
1074
3354
246
3565
4358
3048
1104
4641
2649
3985
1019
4904
4814
3980
1709
858
4842
2145
4790
3528
2773
3472
3381
2444
Optimal makespan = 5043.05
