Jobs, Machines = 100, 50
Processing times (line n contains processing time for job n for machines 1 to m):
3928
80
351
1891
4150
803
2801
4377
1680
3301
1900
1341
2961
1532
2435
1901
2464
4994
3214
4709
1029
2652
4028
2884
4232
3504
3778
2366
4879
3768
3016
4860
3409
3
890
4714
2527
1428
2112
3254
4380
3897
3999
2993
3376
3950
807
2221
275
2241
4534
1739
4370
1550
619
18
489
3420
2742
4110
2411
4228
2631
1668
1237
395
3575
4592
644
2922
3253
2085
1798
840
3287
2901
3704
2811
1720
227
916
1846
4543
4915
1477
4504
4862
3569
1814
410
3511
263
1702
3368
3692
1759
2335
4986
2627
4340
Optimal makespan = 5324.88
