Jobs, Machines = 1000, 175
Processing times (line n contains processing time for job n for machines 1 to m):
339
75
2791
867
154
749
4027
923
1987
1463
2278
4046
1866
4940
3893
3233
2964
1428
1014
76
4098
2707
2461
12
845
2851
2422
488
3556
390
3963
345
3286
4633
4722
4526
328
3976
3708
2311
1268
500
3536
855
468
1905
2552
366
3902
191
2783
1798
2646
1242
245
3940
1106
3741
4412
2702
3888
1414
3388
1562
3522
3729
1051
1334
2288
2020
3130
4147
2040
3876
789
1189
3005
1004
191
773
1116
2542
1529
3412
1452
516
4625
3870
4234
497
3523
2515
4554
3563
413
2329
503
3562
4201
1386
3548
4144
2672
561
452
2181
2418
1614
1463
4981
2080
2225
1745
3688
4186
1767
2171
1326
3007
2016
3891
2569
2919
534
4482
3007
3878
1888
2528
4713
3246
4271
501
1862
2349
1959
2925
2743
3836
3282
1121
2377
1683
2676
1307
3604
4074
2993
3730
4797
1097
3263
3169
1253
4509
2576
3361
2190
2471
2443
3936
1680
3791
3038
124
2581
3026
936
3248
2224
204
226
2233
3488
2762
3769
973
2473
4498
1753
535
3991
1468
1660
4446
2649
65
399
1049
3254
1053
4309
4310
124
944
3010
1007
2483
1597
3723
4613
553
2113
3998
4704
4592
4696
3176
4225
4240
2781
2699
3474
2179
3918
2647
642
555
4891
1600
2586
2616
3519
4866
480
3137
2592
1219
3623
1621
4342
4908
1351
4781
679
3962
1313
4679
2984
569
4503
3564
504
536
2678
1468
877
3541
2792
3153
731
2623
1884
3551
1908
821
1278
2058
1315
1073
3897
3766
2724
3133
4474
4154
4655
356
4816
325
2173
4888
3628
1880
1885
4854
3294
1917
1712
3702
3522
997
2417
779
4876
1834
3247
907
1482
2785
1506
602
4593
4197
2649
2476
4750
212
4172
37
1466
4251
3903
3482
2260
4591
4921
4683
2040
3694
530
2528
2218
1057
4272
806
2229
4589
3225
931
2103
4218
4496
2755
2864
1378
4158
4010
3944
3086
4439
4352
4398
2128
2487
1803
1013
3658
1903
2121
3343
2445
3441
3067
4404
1261
4480
4525
3023
2011
2545
147
4550
4441
4170
1309
3433
346
3675
937
2246
4440
680
932
704
2359
149
1669
4012
3074
3762
4455
1305
4441
4219
491
3239
2239
2762
4832
2373
3244
3950
1561
1671
629
1727
528
4945
3401
97
3388
3808
1839
4886
1348
3228
2296
2364
1702
1144
2200
1059
3434
2069
861
3040
3522
3097
2236
1919
2914
1564
4450
4920
224
13
693
3829
4243
2500
499
4483
4985
3955
1587
3274
2749
2504
386
3459
1488
3543
1504
4582
54
3561
1513
1542
4449
3692
3207
3374
4836
3789
4240
4518
1815
2452
675
253
2056
4797
2207
3163
1630
2616
1356
2855
3669
1685
90
306
2643
2851
2741
2525
2738
3834
1235
3325
3727
2722
4838
4360
3446
1202
1490
3026
1594
4472
2650
4095
2886
4221
3827
1089
3611
4306
1522
4802
688
2991
4527
3114
1277
3475
3909
2671
1180
400
3875
2791
3763
2062
4807
4650
3455
1156
4885
1712
3943
3060
4106
4136
2405
1625
4407
273
1708
428
1252
2267
3483
584
1598
3816
4069
3374
4202
2682
3499
4791
1653
1869
1611
478
4963
1666
1845
3428
881
1781
2104
760
488
1065
3517
318
4215
2557
4261
753
390
3294
1230
2331
3351
258
4464
4105
3682
2458
3787
2856
1001
3409
3541
1980
2923
1565
4165
4360
2824
3840
712
1910
4033
2900
344
4668
1932
398
3355
2701
3079
1570
4359
2203
2724
2382
3602
4001
4872
4409
3223
3628
1529
1200
310
3744
4140
311
4760
4483
2284
1846
919
936
4445
570
4248
4305
1350
4188
1377
2661
1338
2057
3135
3788
4513
180
3860
2080
3948
1862
4110
2456
1182
191
2352
4353
3497
3444
4221
3165
2752
3573
4252
1004
167
1939
404
3538
3798
3245
144
1820
2301
3469
3346
1181
680
1671
743
3808
138
3977
4198
4509
2623
3536
4785
1489
1325
4533
4536
4367
391
2480
4838
949
3177
2841
2144
2677
2605
3069
4419
2972
472
3891
811
122
3144
3233
4021
4815
3732
361
895
4096
2160
1905
2505
1680
1887
2185
3174
2984
2949
2920
1416
2634
119
1710
1285
2820
3609
3253
2835
851
3954
337
4222
2211
741
3962
2881
247
1665
185
1455
1348
1838
1551
1803
2431
353
2114
3577
1008
398
350
1174
295
4895
2410
3272
316
2009
2181
3338
4421
3709
730
899
1736
3094
4890
77
4105
237
3560
4415
2982
3609
678
4006
2546
1063
571
2712
303
799
4989
658
413
1597
4723
2982
4561
4140
4741
3916
1372
2384
390
1927
1837
192
1580
1556
858
1236
262
3538
4263
1992
22
4351
2982
4659
1848
1003
3376
2537
2844
1714
2676
3724
1916
3960
4315
433
2772
2406
1556
3154
1282
2067
996
1317
339
879
1860
984
4963
3135
4031
2322
3865
2477
1584
4355
2346
3348
4701
4476
284
1453
2569
4516
1152
3701
314
2151
3376
3572
1413
2946
1707
88
3558
3155
1772
4009
2928
2237
366
4602
1945
3510
4395
3212
4242
463
3201
1995
2946
2862
4492
3083
2069
3314
4834
207
2265
632
99
2220
2083
4040
3218
539
2997
1444
1659
1895
1174
3887
4870
1655
3913
1916
2675
2660
1229
4874
3614
2247
4551
51
2402
3234
2910
1989
4886
4800
2390
3729
4009
4174
3832
1875
1615
1485
4952
2110
3186
1082
4014
3905
125
81
2048
182
4606
3717
3293
4306
1009
3621
4780
576
283
393
4145
4336
996
1559
2007
3147
4160
4283
534
4357
2477
3949
2168
2531
4284
3324
222
747
1898
385
4043
4695
2733
554
2036
3942
1884
1401
4217
889
3603
4840
91
3877
3772
312
1812
1753
877
2593
2115
2580
4374
478
2283
412
1264
1709
3959
4994
2223
1945
3922
2691
1940
4608
841
501
4410
4769
555
2637
319
4805
283
2149
1099
927
2331
4477
3738
4698
Optimal makespan = 14575.16
