Jobs, Machines = 200, 100
Processing times (line n contains processing time for job n for machines 1 to m):
3769
3913
4849
4238
2930
1027
640
704
1195
226
2735
3979
690
3007
1552
3572
2299
1997
1755
375
717
3903
3166
3638
4088
3907
3152
1713
1636
4020
4742
3499
1044
3154
1816
4488
541
2953
4382
4682
2757
2877
2202
3552
3875
2867
2669
3764
1078
3370
1309
2614
1022
3823
1807
1583
2663
854
1325
3240
932
2901
2848
654
1839
4101
3491
2405
1002
1041
1678
3767
2862
2252
125
220
860
2689
2220
657
964
235
1579
4247
2980
190
948
243
923
3416
193
2915
1815
1620
2864
3282
3973
3666
4633
3058
931
2293
2931
4063
3405
353
3760
1143
225
2184
4388
1590
1509
2495
925
4230
3657
4138
3601
2618
2948
4164
3133
3455
4620
4193
621
3538
1737
1742
2664
2263
2007
1082
3357
159
2517
3470
2958
2293
2674
453
825
2906
2992
1237
498
3779
1343
4659
2603
2604
2580
674
3585
1845
4311
410
3119
874
1018
4528
4943
356
1373
3325
1178
627
4029
4607
362
1294
1676
2206
2102
3704
3503
1939
3429
141
4332
4378
412
1637
3263
801
1418
1313
2142
4566
2877
1366
1517
1588
2235
4434
970
2174
2471
2338
Optimal makespan = 4943
