Jobs, Machines = 200, 100
Processing times (line n contains processing time for job n for machines 1 to m):
2612
1362
2396
967
455
1315
349
2257
2285
4103
1239
2976
3887
3804
1641
2591
3651
4534
3603
282
3677
419
2167
1853
3235
4526
4224
4061
1942
4487
48
1318
1517
3470
3443
3607
4054
4631
3262
499
4453
804
1587
4545
388
4076
2781
3575
1279
2721
1667
2098
1127
1594
2644
4590
637
1626
1560
3125
254
1099
951
4612
3644
3768
4805
3024
2237
2669
2095
3122
1722
911
4705
2046
4968
3489
1652
4754
3836
2321
3383
2406
1371
3500
138
2078
1907
715
4697
3052
1901
2667
4806
599
3128
4608
519
2897
1444
914
347
637
1416
4409
4626
2113
3585
2819
3618
3706
1274
572
4701
1185
1541
2757
4516
1660
2683
1609
1399
2666
3265
4428
898
2393
884
4292
4017
2494
1045
503
1975
744
2987
641
3864
1885
2096
3991
794
2124
4255
814
3587
2332
3870
799
1195
321
2449
3249
4979
287
4170
4698
4748
1848
721
4240
2068
4856
2925
1429
4041
121
4531
3029
1886
2630
52
4472
2969
1832
3089
891
3690
3475
3655
4982
2330
1794
2842
732
2244
84
2826
968
4876
4386
2320
893
4216
4
3674
3163
1846
1724
Optimal makespan = 5043.06
