Jobs, Machines = 200, 10
Processing times (line n contains processing time for job n for machines 1 to m):
972
415
644
893
545
608
958
726
164
581
378
633
16
578
399
310
570
887
457
216
815
265
182
909
931
381
25
269
18
487
197
111
639
159
825
271
491
37
800
599
421
698
190
208
402
519
877
555
524
233
649
50
78
892
716
766
832
43
567
913
757
506
153
368
234
608
320
99
279
616
540
289
913
204
699
755
317
618
311
993
378
199
161
489
761
145
316
487
93
896
312
89
6
764
82
478
464
452
568
573
186
212
28
975
787
600
440
789
266
522
714
156
698
509
248
107
435
8
570
255
591
325
742
536
588
640
893
938
680
71
3
1000
72
455
796
176
439
94
916
391
305
399
573
56
309
820
494
166
43
648
660
918
86
696
271
898
817
115
108
412
866
415
556
522
365
637
243
859
718
532
474
87
564
636
111
439
242
378
722
616
501
785
427
835
562
731
957
594
69
603
35
780
595
476
611
444
38
236
660
496
Optimal makespan = 9485.0
