Jobs, Machines = 150, 75
Processing times (line n contains processing time for job n for machines 1 to m):
1296
952
3008
3322
2793
3724
4281
4297
4666
1208
4269
1919
476
3128
4289
2637
1267
3222
1556
2324
3594
4668
1320
4550
2745
4743
2001
4478
2301
3330
2554
703
1697
1699
2579
825
3204
4864
4031
4955
546
3102
2039
3885
2928
531
2002
1613
1428
3837
2387
4844
1435
3992
2680
4984
4319
4629
382
4113
3337
2927
1343
4296
4983
49
1790
4870
1030
2557
4608
933
3523
3457
1246
3301
1900
3589
1792
565
1892
1169
3326
2047
2099
2987
4889
3030
4970
2490
4904
1743
2636
2767
1947
3675
4475
3980
207
3152
2606
4352
4485
2140
112
2102
1185
1176
3270
1395
33
4279
817
3031
4997
1233
1256
660
1579
4721
3600
2313
4905
3847
92
3398
1101
3630
1030
3956
1425
4542
3514
1923
4635
1927
2798
509
2359
4141
4000
3941
3589
1717
3567
3470
4455
3046
355
4186
Optimal makespan = 5533.76
