Jobs, Machines = 100, 50
Processing times (line n contains processing time for job n for machines 1 to m):
2491
2452
659
3788
3934
2460
2691
3145
545
2848
4920
791
611
4432
1823
643
2675
3735
3800
3017
4729
887
3069
2819
1193
2249
2946
413
706
81
2141
1142
2112
17
2622
1990
1185
1041
3512
3231
1337
2189
4497
2107
2263
3200
62
4737
3475
1288
3483
2942
1264
753
4127
2719
260
3635
1071
4983
1414
2614
3232
4215
672
2567
3907
742
4801
2630
3887
4540
271
3667
356
2422
861
4410
1900
2695
920
3991
1222
2974
4818
1478
1408
789
24
4578
4773
1953
435
4368
956
1565
2551
1023
4894
4003
Optimal makespan = 4983
