Jobs, Machines = 150, 75
Processing times (line n contains processing time for job n for machines 1 to m):
861
3773
3093
467
4427
3445
3172
2920
131
1686
770
2392
2434
1185
4556
3386
4118
4844
2905
475
1083
2559
2048
2748
976
1807
190
2735
3006
4659
1900
1268
1529
3203
3557
3891
647
2889
2436
601
2364
2062
242
2042
2825
2613
1364
1479
2557
776
4015
35
3153
1956
1586
3944
3074
1022
3462
2614
3844
1501
4799
162
4298
1982
996
4912
3343
4552
3799
1276
1017
338
879
1077
4888
3994
4860
380
493
2063
3885
65
2569
2028
2696
1496
392
4515
4475
3562
2279
3100
201
4876
3105
4599
2455
3646
805
2732
2774
1571
2691
3841
1029
503
4494
871
4489
207
1485
864
2791
564
4192
1758
1679
3243
4637
1060
1723
3315
3158
2626
2730
1598
3061
2694
4892
3628
1364
1982
1664
1530
2039
3303
2238
1307
4030
2676
1283
710
4745
4414
3749
4780
664
1999
Optimal makespan = 4912
