Jobs, Machines = 150, 75
Processing times (line n contains processing time for job n for machines 1 to m):
4738
3241
1738
1769
3458
56
4082
450
177
60
2023
1388
245
4749
4041
1045
4904
592
2811
1820
2879
4847
3135
1554
2122
3350
4266
2916
791
4787
774
2701
2401
1789
1974
1453
844
4211
12
3806
3196
2978
4365
1485
1113
627
4073
2828
4760
446
3596
3812
4211
4519
382
1475
316
491
1108
4157
4201
4731
3492
2670
4278
30
3690
2157
2094
2398
3520
3616
3660
1887
4876
2797
4138
1852
3932
2278
4262
1185
2948
4381
942
2236
3050
3398
2990
3496
4920
4281
2737
335
2404
2844
1386
3387
2977
741
1682
14
2289
3768
538
3467
2208
2971
2552
621
885
4339
3111
4857
2638
1279
3716
3664
3167
4254
1867
1243
418
3935
4031
3728
1152
1228
3271
2888
1077
3930
4451
2566
2754
1265
2088
445
3143
2949
1966
3280
1761
4945
3926
4236
2554
3321
4383
2388
Optimal makespan = 5257.906666666667
