Jobs, Machines = 200, 100
Processing times (line n contains processing time for job n for machines 1 to m):
1711
3947
211
1886
495
1829
4966
4739
157
4598
914
1170
985
1531
3733
1833
4439
1502
4978
4754
2558
3372
199
655
1342
4899
4728
2127
399
1872
2057
84
1135
1347
4923
2732
2773
3959
4312
2048
523
4823
4737
3834
4867
2845
2654
1569
119
3253
3827
296
2543
3073
3024
3552
3940
4707
4425
3130
1389
4415
1199
3309
2187
1225
1916
884
4037
2123
4258
3800
4560
2414
2447
376
3267
1517
4348
3130
4167
4795
4702
4234
2059
904
4370
4361
4253
1996
666
1191
49
3790
2897
1239
1811
4680
160
951
51
550
2330
3940
707
862
918
4188
2222
1760
1438
2345
4715
2469
1400
4791
4005
2987
1684
303
23
1102
1597
2267
3239
4708
498
3853
496
3643
3502
3720
2577
27
2195
2868
4169
4690
3903
4907
1882
2471
2743
2445
2651
4452
2317
2988
3253
395
3521
4142
2254
998
2274
4957
1384
256
141
189
2478
4285
1332
3250
2191
4438
555
1957
1272
312
4851
807
853
85
4209
4939
3909
641
1242
1889
1393
1004
3050
1647
225
489
1911
3601
963
1222
245
689
3716
623
155
623
2853
428
962
2234
Optimal makespan = 4978
