Jobs, Machines = 100, 50
Processing times (line n contains processing time for job n for machines 1 to m):
383
4445
502
1788
1150
4674
4533
3835
2290
3833
1654
3490
3037
957
239
3260
2521
4043
3550
831
2941
1037
3769
2178
4025
2788
396
3348
3210
960
2409
3726
444
2107
3490
3790
2782
3565
2231
4531
2821
2294
2404
2235
4737
843
2489
2193
389
3824
4358
3061
4485
3580
329
1985
4098
4387
3444
2254
3528
1651
2448
4337
4327
414
4451
3439
2218
2731
2355
2737
3282
291
145
997
1707
1228
4956
929
3795
3493
2946
2925
3672
1747
1978
4950
1492
3423
1357
1420
2858
3139
3175
4054
2518
886
2315
4340
Optimal makespan = 5312.12
