Jobs, Machines = 500, 50
Processing times (line n contains processing time for job n for machines 1 to m):
69
65
50
22
59
17
52
18
60
92
67
31
88
65
36
51
76
90
66
35
76
67
5
37
77
89
48
33
75
61
74
35
49
53
69
29
74
8
62
85
48
54
33
4
35
42
26
30
27
54
86
22
75
28
59
8
96
62
52
35
47
53
19
24
4
71
25
52
7
45
88
37
86
15
84
86
41
84
86
28
43
50
71
17
17
79
64
29
60
32
82
34
6
14
9
65
52
55
74
5
47
71
44
88
26
85
86
25
29
24
37
92
19
26
87
24
41
89
98
73
74
60
48
70
29
86
25
87
25
52
69
43
35
93
82
53
51
27
61
96
34
92
31
21
54
6
17
21
27
45
24
34
44
35
24
80
74
4
98
47
52
23
74
13
78
41
61
95
29
86
46
57
7
96
31
72
27
24
2
10
44
26
42
98
7
44
20
81
34
26
24
41
29
99
32
32
97
28
51
17
61
51
7
40
69
10
37
62
71
81
37
23
97
85
29
23
20
76
7
88
57
98
15
6
2
96
59
89
33
51
67
40
55
93
59
15
28
14
58
1
9
91
89
82
41
50
87
17
67
98
54
26
90
58
78
63
54
10
25
3
49
62
78
38
6
1
82
77
76
91
22
67
96
33
44
11
48
8
28
74
9
82
41
6
37
82
98
28
12
41
27
49
66
34
29
91
57
4
41
14
24
43
99
48
24
2
92
54
49
85
7
75
36
54
40
9
10
75
73
42
35
62
75
25
41
69
72
11
94
46
19
11
25
72
79
41
75
74
49
79
14
72
6
71
78
10
54
27
24
7
66
17
23
34
49
33
37
82
35
70
26
39
96
66
78
47
55
23
1
31
95
94
7
88
71
73
42
82
51
84
4
52
90
53
90
99
30
45
98
80
10
46
50
37
44
30
75
88
52
19
95
31
98
77
84
4
50
73
4
13
94
33
60
31
99
65
82
34
46
36
82
36
24
42
90
75
26
5
9
42
92
78
4
82
22
27
32
60
76
62
73
32
48
67
37
34
99
51
74
2
29
30
24
84
5
28
22
68
43
78
85
39
61
95
60
47
17
99
21
96
67
21
61
8
56
90
99
25
30
36
46
88
34
63
9
33
71
20
31
3
1
16
42
96
92
40
65
46
72
78
Optimal makespan = 496.0
