Jobs, Machines = 100, 50
Processing times (line n contains processing time for job n for machines 1 to m):
3393
2304
2326
2065
308
658
3932
879
4417
4900
3968
3507
380
4556
1114
1392
844
707
4324
3958
133
2289
886
4825
2736
33
4811
317
4977
2122
4003
4021
136
4926
85
182
1953
2218
2540
2970
4510
4593
4215
3835
694
233
3868
2747
2016
631
2868
4527
3179
53
1171
792
2436
3964
1607
1287
1406
3416
2902
3156
1110
2943
2262
3883
2610
4295
657
273
1133
576
3454
4896
4818
1954
2753
3589
3911
365
2304
3866
4821
2200
4261
4700
1299
2330
2007
792
3273
458
3949
688
4294
413
470
4715
Optimal makespan = 4977
