Jobs, Machines = 150, 75
Processing times (line n contains processing time for job n for machines 1 to m):
3604
1795
4450
353
1008
4117
3464
1641
3730
3957
2660
3624
4220
2879
1008
2068
3349
3582
927
2934
3858
2336
1161
1605
172
2695
3811
4823
143
4774
3204
1356
1119
2612
1394
2721
896
4575
2740
4761
3825
1636
2568
1084
1058
4213
620
3961
687
1861
486
133
3683
434
3909
1429
3961
1080
828
2108
1074
2270
2636
1515
1509
3348
3209
4269
356
2144
4352
2085
2208
975
3903
4
4704
2510
4281
1892
4738
2543
4778
4757
138
1879
494
3693
951
1621
2096
293
479
1668
1777
2337
1365
4041
1772
2958
4469
4045
2934
1534
767
3878
1917
4619
4331
2698
4032
3775
4179
485
4074
1618
3199
1186
1411
415
2090
2552
1680
3533
2253
579
140
4417
3015
828
248
4363
3334
3442
4210
1698
1377
2522
3688
4560
2073
3205
2720
324
3297
844
2180
1386
3369
1858
Optimal makespan = 4888.84
