Jobs, Machines = 150, 75
Processing times (line n contains processing time for job n for machines 1 to m):
2576
3607
2515
1100
3336
4771
434
2636
2774
2880
2779
125
3701
2728
4972
4148
3623
3643
4989
256
1350
3781
1327
1376
3284
32
2499
3665
1589
3311
3123
4229
2779
3392
2991
4531
4603
3566
4489
2808
1426
919
4857
1910
3658
1722
367
4571
2495
3156
97
4897
1791
2857
1674
4935
20
3129
3539
4421
2130
1086
486
610
2904
2348
1766
4043
4041
2267
4625
4086
636
4521
715
3132
4767
462
4076
3904
2800
4503
188
2917
2816
2588
2473
443
3318
4701
2853
4659
1226
851
1922
3280
1244
1775
225
50
297
1071
2540
2527
608
4897
940
1046
2795
1970
4800
2260
4606
2100
98
3159
4185
940
3900
3136
3208
1386
2171
3730
3363
299
549
535
4116
1120
1938
3118
3913
3878
4106
2198
421
3049
3412
3109
3257
2441
3453
719
3958
3122
3124
2244
4995
4358
Optimal makespan = 5271.48
