Jobs, Machines = 150, 75
Processing times (line n contains processing time for job n for machines 1 to m):
4558
4763
4392
969
2022
3420
674
2596
3423
607
3725
3616
3913
4532
2664
3550
3292
4792
1855
2092
3822
2780
3505
1231
249
4235
829
1980
733
4589
2198
1614
831
4074
1083
1598
4514
3758
3353
3822
3384
1436
4537
4350
4321
765
452
3673
3731
2114
366
1277
1526
4959
4244
4299
4442
2721
1102
3236
1744
162
3947
2915
3697
1046
4
2696
4373
142
611
3113
91
1355
3760
2042
3461
4699
1871
154
4340
434
2072
428
90
4068
4775
1459
4263
4654
3602
1096
531
4063
4906
90
642
2220
3314
3763
3470
3636
4860
1845
4133
3123
4734
975
2181
1895
3660
1415
2259
20
2891
1403
1637
385
2073
2494
1994
3302
2085
2351
3810
2942
4652
4120
2293
2123
341
1873
3173
251
2658
458
541
3514
1843
3245
3708
978
2993
1962
972
3329
586
2171
99
1071
Optimal makespan = 5018.7733333333335
