Jobs, Machines = 200, 100
Processing times (line n contains processing time for job n for machines 1 to m):
4742
611
927
2985
1275
987
2861
294
440
4069
2881
3296
2455
3330
1687
1701
655
3156
244
1230
3706
1710
22
4518
765
3479
2991
1785
1910
1398
3265
4299
463
4200
2196
4224
3091
2453
3109
3732
4274
2554
4340
4379
4293
1299
608
3861
877
1353
3999
4329
1227
3698
3065
1021
2694
1968
1689
4079
870
3202
4607
3490
1750
401
4297
2513
3209
12
2429
4488
1794
1302
4489
4618
4865
1637
1720
4887
2509
2373
4087
3679
2524
1906
4318
4968
750
3526
1909
4191
1531
3263
763
4905
149
1183
4792
4138
4377
985
624
2566
1751
2651
4135
3043
502
4499
2962
2007
835
4012
1954
910
4612
3554
554
1104
4704
4744
4463
4009
4383
2050
835
1541
59
1636
59
4436
1761
149
1607
4991
296
1522
3204
614
3990
4283
406
4733
1986
1176
2567
1430
274
1753
4958
504
1904
4546
4957
3310
3425
657
3297
3340
846
4210
4161
78
2577
4462
2491
1625
1118
4559
3746
737
4006
4427
791
3412
1786
2883
4801
1640
4062
4791
3316
3404
4066
2969
4366
232
2810
4533
98
1320
394
4142
4215
125
2546
3014
2556
1758
Optimal makespan = 5200.62
