Jobs, Machines = 150, 75
Processing times (line n contains processing time for job n for machines 1 to m):
2916
2255
4080
1726
3047
2122
1033
741
1983
2460
2673
2719
3793
4301
3186
4072
3153
1069
206
3138
3504
2005
3710
2195
1279
378
42
1922
4200
3217
975
2054
3899
2001
4997
3183
1716
2588
2848
4867
4421
295
148
275
4978
4342
1160
4461
3694
191
836
388
3998
802
4950
4488
529
4111
987
2314
1575
145
1414
4515
4782
3772
4505
1422
4471
3308
2080
3105
333
3974
4191
4947
2945
1160
4625
4361
45
4735
2143
2950
2794
2967
181
2886
1884
1054
217
633
4322
4573
2768
1863
2596
4976
3745
1235
4848
1362
3095
1851
4469
861
2994
3333
4179
4340
37
779
4989
3607
1095
64
271
3779
3451
3642
2708
1020
3706
1480
713
4055
3069
3273
1697
1680
111
1727
2540
769
4824
256
258
3763
599
1556
921
4994
4264
3781
4562
1573
4211
1112
915
291
Optimal makespan = 5057.2266666666665
