Jobs, Machines = 200, 100
Processing times (line n contains processing time for job n for machines 1 to m):
4042
2668
1627
440
3634
4375
1034
1831
2137
934
4203
2892
3638
3332
2216
1561
259
996
4784
3148
557
3876
4239
3271
1862
845
4239
1648
4879
4526
2142
3435
1643
3540
4928
1651
268
4210
787
2022
128
2585
1694
3064
4534
4545
3753
2102
1546
1930
2131
2616
3806
2454
1974
3364
3957
1566
762
3463
4936
4162
3846
2970
4464
2677
4638
1716
4253
1128
4803
3688
1820
3370
3112
3167
302
179
4844
1707
1914
4879
974
4444
20
449
3234
146
1371
4943
1764
622
3915
582
3683
3826
1924
1152
4970
1005
3231
4253
4665
4903
921
1990
3012
2982
3865
906
436
1178
4399
3875
2781
4597
2718
970
109
1281
2527
3275
2674
5000
3242
1122
4862
4455
298
623
4912
51
4950
4132
791
3687
4930
2709
2911
4908
4385
721
1608
4219
4036
3734
4272
1012
2333
3072
4881
2744
3860
823
3653
4650
3962
3527
80
2226
4758
4565
4045
4305
1772
1210
4889
3383
1260
1682
3446
409
4490
3562
3349
4076
4760
1008
4622
664
1866
1963
1242
3269
3124
2872
3491
1571
1654
4826
1713
1995
655
2108
4751
1020
4909
4947
3996
4223
Optimal makespan = 5572.71
