Jobs, Machines = 100, 50
Processing times (line n contains processing time for job n for machines 1 to m):
3239
55
1010
86
3449
139
1143
2270
905
3698
3039
1573
1603
455
3472
3062
367
254
1574
4634
911
3591
685
637
316
4691
2768
653
1959
2959
1811
606
2724
761
1033
3585
421
2351
4630
4413
887
2730
3236
490
4779
3000
1195
2632
3880
4634
4808
1120
141
2269
4393
1925
3416
1853
4720
3097
865
4675
2538
1226
2644
4607
386
1604
2892
1636
749
4745
465
1061
2924
1466
379
4213
1756
2137
4796
2745
3507
4482
3458
865
23
4368
103
2820
2994
1301
2493
4444
3695
2621
2600
4580
173
3777
Optimal makespan = 4808
