Jobs, Machines = 200, 100
Processing times (line n contains processing time for job n for machines 1 to m):
3916
4150
4413
2786
1885
863
1483
4597
3016
4201
2707
2300
4382
772
4916
4767
2639
1404
2654
4028
1308
157
230
2780
1694
1925
602
1726
2116
4342
2382
4232
578
4363
1952
4734
4383
1228
1942
4584
943
903
3315
583
2326
4991
97
1
1638
2068
388
103
4035
438
4391
61
2280
3138
4706
748
549
3053
2622
4820
2113
2669
4505
4240
1067
302
738
4695
3471
3236
807
80
284
640
4451
3920
4538
3268
4480
2566
3969
2288
1869
1016
2238
4595
1810
2970
2973
2005
2080
852
696
2988
4715
757
3727
226
3831
949
338
270
3616
3796
1895
3565
3283
2342
3575
1792
1651
3238
272
2018
664
2886
1466
3066
867
4237
1222
1649
939
2391
3156
950
2562
813
168
2565
2486
2286
4402
3784
4387
2904
1250
3929
2817
3938
2065
4795
824
1645
1653
1055
1772
767
4445
3869
1670
1556
3285
2415
334
147
2449
3287
2623
116
4890
1486
4054
1701
311
4680
3339
2019
3769
3077
3961
3558
3304
1656
2166
3278
552
727
4462
2293
4624
4302
154
1605
3455
235
2328
662
3575
3846
2575
4172
2943
4497
2523
364
Optimal makespan = 4991
