Jobs, Machines = 100, 90
Processing times (line n contains processing time for job n for machines 1 to m):
103
436
861
271
107
72
701
21
615
122
467
215
331
459
88
373
100
872
664
131
662
309
770
344
492
414
806
386
192
956
277
161
460
314
22
253
748
857
561
475
59
511
682
476
700
976
783
190
958
687
958
563
876
567
244
832
505
131
485
819
647
21
841
167
274
388
601
316
14
242
777
346
565
898
340
92
367
956
455
428
509
776
943
35
206
81
932
562
872
388
2
390
566
106
772
822
477
703
402
730
Optimal makespan = 1195.0
