Jobs, Machines = 100, 10
Processing times (line n contains processing time for job n for machines 1 to m):
538
798
886
422
764
190
663
501
832
896
305
857
187
141
394
827
198
19
123
90
972
981
36
295
347
728
540
266
46
155
216
292
524
7
527
77
209
279
235
755
304
273
733
868
342
60
700
269
225
102
214
70
993
104
522
823
893
685
631
334
757
224
585
169
206
194
620
381
684
94
969
655
239
371
177
899
391
443
98
234
780
866
88
778
891
775
436
824
144
932
848
83
204
341
992
249
489
620
402
734
Optimal makespan = 4613.0
