Jobs, Machines = 200, 10
Processing times (line n contains processing time for job n for machines 1 to m):
136
903
328
265
585
692
849
24
60
721
776
72
686
114
824
563
731
371
492
66
88
380
949
585
682
499
746
322
566
561
74
733
803
961
579
751
224
210
5
164
949
102
138
954
967
727
592
162
284
22
916
126
940
459
250
171
953
492
206
325
196
726
599
229
749
928
91
820
226
853
53
669
844
3
931
657
956
28
842
480
657
930
697
485
928
49
720
185
602
155
893
672
135
135
731
666
662
179
307
922
627
457
729
397
269
182
569
417
869
414
285
29
597
398
231
664
156
213
889
878
274
984
825
540
206
554
585
608
31
734
511
855
226
616
375
81
399
178
172
490
355
675
264
201
729
763
701
137
940
727
566
443
873
94
407
739
916
286
748
186
187
248
725
137
675
498
143
563
442
162
306
287
780
45
823
419
367
370
196
797
826
935
799
153
381
117
855
711
124
202
604
751
895
776
958
711
225
235
455
449
Optimal makespan = 9907.0
