Jobs, Machines = 100, 50
Processing times (line n contains processing time for job n for machines 1 to m):
1290
4624
1345
3442
1181
2010
4830
1521
1950
2043
1033
1098
4137
2551
4453
240
2444
2103
3417
3436
575
975
3127
4174
4110
410
1407
654
3933
1367
3871
90
2701
1829
284
3603
94
4174
2455
2655
2809
4492
3603
3537
631
3417
1682
1455
1160
797
2811
45
2694
2053
2120
1843
1389
2339
361
2704
3070
2183
1271
2646
2711
1548
4877
4577
63
1527
2413
233
3627
2798
4844
2867
2606
4058
915
1540
2846
1363
3124
1104
4882
4787
3126
922
3489
4365
1523
287
402
1021
3217
4768
4298
1985
1781
4477
Optimal makespan = 4754.38
