Jobs, Machines = 500, 50
Processing times (line n contains processing time for job n for machines 1 to m):
26
30
38
62
23
64
49
89
59
13
10
59
70
19
90
76
85
36
39
91
88
28
10
46
27
88
36
12
7
15
77
81
23
48
17
93
86
60
60
13
97
86
70
97
10
55
45
78
96
73
41
78
66
44
94
73
15
49
3
7
59
98
12
98
88
10
7
52
56
16
36
80
83
76
85
96
18
94
18
8
56
89
22
86
37
70
62
34
99
14
11
8
7
97
57
92
82
86
33
88
44
86
63
60
47
69
90
40
6
5
46
92
99
27
21
63
31
43
13
80
52
84
41
76
83
6
66
26
30
3
91
39
77
74
76
95
30
68
30
65
50
16
59
95
52
38
39
61
1
70
42
47
8
69
97
4
94
75
32
69
62
24
59
33
75
41
35
45
7
76
42
54
64
59
84
63
5
20
53
99
3
93
46
89
26
18
93
47
56
99
99
25
96
13
43
73
56
52
35
23
76
88
85
99
25
82
46
35
70
4
33
97
9
71
69
83
17
29
70
58
40
83
86
90
98
61
27
58
3
21
56
72
29
73
79
2
30
42
77
80
79
98
9
22
84
22
16
60
38
67
26
89
76
44
83
1
72
22
35
59
39
45
14
52
65
1
31
53
55
30
64
61
61
67
73
73
9
12
59
17
18
58
54
97
13
51
54
81
42
55
75
13
77
86
93
80
26
39
25
92
35
46
94
78
85
86
29
93
46
81
58
38
78
58
2
6
89
6
38
38
63
12
31
46
84
93
25
16
31
37
77
46
45
30
4
4
73
68
70
60
74
31
91
38
86
21
8
65
2
83
63
92
93
59
94
27
34
59
46
7
80
76
10
49
3
55
56
30
34
39
28
37
3
68
26
23
34
33
93
57
99
10
11
42
7
58
57
53
39
95
9
97
81
38
51
25
33
93
38
12
53
98
6
56
28
50
29
40
88
92
88
96
82
87
3
81
91
22
20
41
8
50
87
20
38
53
14
87
80
21
74
62
58
36
80
78
70
71
71
19
93
83
50
10
80
69
95
63
56
98
56
24
97
83
86
59
78
99
18
15
45
18
61
79
79
24
15
88
82
33
45
43
80
35
26
47
52
24
5
2
45
56
65
57
18
55
19
20
30
82
42
16
93
3
38
72
14
39
39
47
Optimal makespan = 520.0
