Jobs, Machines = 200, 100
Processing times (line n contains processing time for job n for machines 1 to m):
3393
2304
2326
2065
308
658
3932
879
4417
4900
3968
3507
380
4556
1114
1392
844
707
4324
3958
133
2289
886
4825
2736
33
4811
317
4977
2122
4003
4021
136
4926
85
182
1953
2218
2540
2970
4510
4593
4215
3835
694
233
3868
2747
2016
631
2868
4527
3179
53
1171
792
2436
3964
1607
1287
1406
3416
2902
3156
1110
2943
2262
3883
2610
4295
657
273
1133
576
3454
4896
4818
1954
2753
3589
3911
365
2304
3866
4821
2200
4261
4700
1299
2330
2007
792
3273
458
3949
688
4294
413
470
4715
4505
1111
4148
2603
4605
733
3428
3891
1947
864
1907
4130
2065
4452
4464
3884
592
4298
2095
3963
754
3863
3435
4426
3853
3150
4009
4797
4862
4337
3837
2311
4255
1352
3449
3694
2297
2456
1674
3372
3994
117
3242
2530
4871
2944
4140
108
3490
666
3224
2276
867
4640
928
225
3316
1180
2961
2365
903
4549
522
1445
702
1617
4261
253
4351
2967
3425
620
4253
2839
532
647
185
2274
518
2178
3680
4057
1185
3507
4163
3240
1648
4598
3899
527
1692
4026
3701
3081
1499
3673
1106
681
946
2833
Optimal makespan = 5152.58
