Jobs, Machines = 150, 75
Processing times (line n contains processing time for job n for machines 1 to m):
4228
4547
132
3422
2007
1507
3153
3421
4210
1524
2981
1090
2554
2905
3082
1829
3473
1265
1928
1634
3116
260
2065
2117
3143
4333
4167
3939
1855
2981
2094
2941
1499
2246
2982
3985
1482
606
102
3081
3083
1089
3404
213
4530
109
1430
530
3535
3638
2950
572
4300
2690
2035
4903
580
2936
1606
2927
1207
1914
3840
2189
1044
630
3804
135
2218
3495
1663
3513
1559
3141
2639
3870
1596
382
1890
2159
3348
3686
2825
1368
914
4939
2472
3141
3376
2768
4096
808
1324
1959
1361
1446
1611
490
2290
4805
3101
2045
874
869
1368
1617
3385
4460
1406
1802
598
2525
45
4614
1144
2648
3847
4951
825
925
1809
1315
1282
2138
1253
4544
1585
1782
3030
942
3523
4552
4533
3158
4255
267
78
2348
601
2599
1956
3653
35
821
2155
2767
1252
4562
4948
418
Optimal makespan = 4951
