Jobs, Machines = 200, 100
Processing times (line n contains processing time for job n for machines 1 to m):
2491
2452
659
3788
3934
2460
2691
3145
545
2848
4920
791
611
4432
1823
643
2675
3735
3800
3017
4729
887
3069
2819
1193
2249
2946
413
706
81
2141
1142
2112
17
2622
1990
1185
1041
3512
3231
1337
2189
4497
2107
2263
3200
62
4737
3475
1288
3483
2942
1264
753
4127
2719
260
3635
1071
4983
1414
2614
3232
4215
672
2567
3907
742
4801
2630
3887
4540
271
3667
356
2422
861
4410
1900
2695
920
3991
1222
2974
4818
1478
1408
789
24
4578
4773
1953
435
4368
956
1565
2551
1023
4894
4003
3982
4594
2306
552
1535
4782
2722
3634
4710
2579
1636
2467
1345
3989
3389
3345
2611
3815
3953
1100
98
882
3826
2147
3412
799
2456
42
4720
41
2070
1282
4029
3818
3711
4002
4091
2878
1564
3790
1904
4902
4249
3161
4934
91
4819
1693
2212
766
3371
1562
2335
29
3236
1837
2958
2046
2158
4701
2640
4586
391
4787
2815
4305
1363
1206
803
4769
4528
3870
1171
3287
1470
4658
4223
2903
2436
4337
4192
3609
4425
1867
570
4579
535
3359
473
2823
4502
2441
179
3574
2749
2503
273
4446
3777
3402
Optimal makespan = 5169.57
