Jobs, Machines = 100, 50
Processing times (line n contains processing time for job n for machines 1 to m):
1447
2413
610
2115
2615
3390
391
2890
1855
3558
2173
3547
3955
3204
1213
1646
1954
2658
3664
1653
3259
4377
2453
4798
2582
4429
2697
889
234
2242
2304
3599
2827
187
4376
239
4371
120
730
1515
4095
708
3680
4560
4666
4153
4527
3967
3820
1126
3291
3040
1198
596
621
424
2422
326
4909
4414
2949
2147
4175
3486
2700
2708
1230
3274
957
4920
2537
1538
2107
4191
3917
9
3417
525
1793
3499
1418
3091
2351
2344
3673
1496
2480
1843
5000
2833
4540
1042
4524
922
1558
3273
2345
1207
1743
325
Optimal makespan = 5036.18
