Jobs, Machines = 150, 75
Processing times (line n contains processing time for job n for machines 1 to m):
2672
2192
407
1338
2801
279
1056
3624
4565
2946
1775
3114
2827
4579
1834
4794
2079
3346
4334
230
4530
2081
2878
2438
2023
167
3117
2617
4380
2795
819
4669
4474
3081
436
2332
3964
2008
1051
3164
4026
623
1739
4611
1330
2009
3250
1609
4801
1485
789
4368
2523
3550
540
4004
3764
3924
4713
3094
1549
4242
794
876
3285
3674
4414
1892
3874
1858
1455
4140
3903
4879
2244
3987
2233
4275
896
3297
3461
4137
2755
3314
2357
2667
1765
247
1603
761
1979
4303
2328
1700
4186
1423
1848
3563
1479
3317
4283
4978
985
2627
487
2384
282
746
3436
874
3054
467
4802
1145
258
3553
1046
310
4551
1943
3163
3603
3975
4553
1255
4605
3884
609
3322
2960
2909
4488
545
4795
2600
4802
4367
1092
3130
1256
4180
1354
4735
3478
2546
3587
4696
2579
4848
883
Optimal makespan = 5393.84
