Jobs, Machines = 150, 75
Processing times (line n contains processing time for job n for machines 1 to m):
3221
1889
3501
1124
1002
1695
3002
4731
1806
376
3961
4906
3629
2941
4126
911
2821
3003
1714
2369
1688
4224
870
2073
3889
1431
170
3828
562
3213
1179
1678
3590
4892
1271
2370
1246
4862
271
3239
1987
4658
744
3165
408
366
4419
1427
1853
825
3869
3688
1644
1020
1226
478
4696
507
104
881
1612
1893
250
849
2112
1910
2394
4083
656
4287
3437
4570
2990
1488
1529
442
3073
2707
306
2101
3296
3474
3468
1046
59
2329
1045
106
3802
4048
3310
2909
4849
1694
848
389
1111
252
1964
3225
3716
4997
3389
1246
3365
1797
3257
3289
121
2637
3399
4948
4107
3678
4874
4927
2529
2376
3219
633
4468
4503
4285
4026
4132
836
1475
1771
4631
830
4821
942
4462
2714
2109
2672
1495
1145
1276
3201
2165
259
2594
4266
4683
3080
730
3319
3556
905
Optimal makespan = 4997
