Jobs, Machines = 100, 50
Processing times (line n contains processing time for job n for machines 1 to m):
1415
3326
3715
1284
3917
4529
279
50
3726
4570
419
460
1655
3446
1129
3277
4179
90
1316
4031
4516
3192
4544
3425
4243
209
1159
2684
586
4511
4849
4769
4636
1724
986
4796
2009
2384
759
1250
3845
1505
1602
3373
934
1396
694
2252
3382
3692
176
481
4779
3271
2887
1667
459
59
3644
4452
4986
3256
4588
1262
2530
2462
2154
1222
180
161
3884
3706
4590
1783
2677
504
2631
2675
4084
487
4197
2870
1137
149
1024
1873
4036
1006
1240
2106
951
2233
4711
4848
453
3738
3479
838
2236
3613
Optimal makespan = 4986
