Jobs, Machines = 200, 100
Processing times (line n contains processing time for job n for machines 1 to m):
3559
334
2748
144
1927
2868
1546
4669
2273
62
3183
3627
1225
1188
3480
2167
351
3980
1907
4351
2668
1370
2541
859
3646
911
2495
570
896
3048
1610
2697
1711
560
3749
332
3062
1585
2826
726
4064
3442
1351
4127
3287
3241
2412
1413
2119
2697
1998
95
4160
223
4913
1645
758
4789
2123
2054
1244
291
714
3925
920
1730
2794
2797
1336
4838
129
757
4205
608
4028
1833
1240
1163
3269
4090
3843
4343
2741
2012
4679
3513
617
1740
2156
961
300
1867
1572
4935
3492
3986
544
3291
454
1614
4350
2181
2204
2412
1301
3394
292
2690
2155
4952
3115
486
4367
3313
2381
2400
2652
4124
1788
1366
2945
2581
4460
1981
4138
2908
818
2200
4834
2631
890
4239
3881
2890
4181
2498
1675
572
4774
992
3100
4
4519
4172
2646
2924
3320
2564
4085
1250
36
3197
1733
3716
4802
2001
2824
2616
4759
3993
676
1170
3730
3160
206
4946
3016
4632
1306
3392
1403
2073
3362
2462
288
4088
4943
1999
4471
194
3448
2615
2102
3361
627
2049
2581
3457
4019
4682
2832
2046
4838
3973
3563
1787
4519
4671
439
4979
Optimal makespan = 5053.1
