Jobs, Machines = 100, 50
Processing times (line n contains processing time for job n for machines 1 to m):
3189
140
1240
2387
289
3329
2383
3420
2675
1735
1854
3197
1837
2324
2831
2587
2745
3737
3177
1771
4321
4314
2164
2863
746
3976
4394
4879
1021
4533
1669
3790
2169
1286
1040
2403
3522
2493
4693
2660
2483
3223
1783
843
4090
539
1779
3143
2437
2644
2856
4321
2541
2945
4411
30
3721
4762
708
2685
217
2897
3809
2318
2887
2616
1008
2540
998
3592
1834
4119
1929
4679
1394
366
4258
805
4961
2406
2430
1695
4150
2851
3221
1276
2098
3763
19
1329
3264
3312
3691
2855
4069
1674
3153
4949
278
3363
Optimal makespan = 5216.0
