Jobs, Machines = 150, 75
Processing times (line n contains processing time for job n for machines 1 to m):
2468
106
2998
3272
3357
2228
4934
2309
4601
851
1908
1310
4949
2565
420
3985
2237
1497
2987
1220
1528
1626
2239
4602
2884
3918
4397
4333
40
14
2512
864
2226
2874
479
1554
3608
452
695
8
997
1106
2398
3993
2425
1158
403
3660
2578
4603
731
3494
4617
2478
3983
4918
627
3254
3363
2570
2122
2587
382
3808
3815
3437
595
804
4717
1907
3041
1971
2414
2548
3830
3033
2800
796
2356
3671
2524
674
3905
4512
2377
3789
3040
1956
2707
2826
3440
1021
1682
4367
4069
3480
4905
670
2704
3409
2002
3263
993
2622
454
4419
3182
4360
1631
3327
3123
2858
73
4305
3493
2927
2834
4740
4677
1402
1196
2020
1816
2649
8
173
4597
3161
4387
2204
2966
682
139
4423
4266
2458
3250
2176
3141
3520
3199
3982
333
3759
2267
3375
1075
1245
483
1329
Optimal makespan = 5067.546666666667
