Jobs, Machines = 200, 100
Processing times (line n contains processing time for job n for machines 1 to m):
1147
175
2488
710
3672
457
4490
1083
3679
2872
947
1589
1412
1025
4280
2582
150
3786
2471
57
4803
4271
1055
3721
3634
3395
3003
1441
681
4340
4523
1663
3443
1744
2144
1978
4352
563
146
4337
4050
4826
4284
1713
3533
3295
1988
191
1356
1081
2247
1768
4846
4808
2515
440
2548
1622
4575
3877
1084
4204
506
4262
444
4347
3966
1695
4485
1079
2962
1103
10
3198
1733
4031
2675
3204
3845
2984
1079
553
1277
2628
3564
1718
749
747
2076
866
1853
2220
87
654
2049
4457
4216
2687
3464
2791
2640
489
1340
2035
3682
2735
1913
1074
3837
4388
1858
3972
1685
3281
2740
3728
4356
4683
2659
4248
2919
4616
1898
4253
1996
422
3105
3560
3078
3530
2891
4595
2014
4645
1027
1252
3095
2333
1786
461
973
3533
3061
1831
3712
1460
3391
4744
4892
1524
4826
590
2409
1796
4493
4851
4597
2503
122
4666
1956
3763
4240
4304
256
1572
1402
4637
2925
2893
2651
2072
1258
3191
1391
2086
2762
1136
3290
1271
3337
2846
2165
1475
467
1428
3000
4704
4657
4470
3480
297
2534
1259
2894
2813
2738
2580
2234
1936
Optimal makespan = 5125.87
