Jobs, Machines = 100, 50
Processing times (line n contains processing time for job n for machines 1 to m):
2106
486
1761
1734
3990
3807
1461
3434
4731
879
4646
4959
3925
3749
1188
924
4071
2055
794
462
3573
4008
3127
718
2933
1594
2835
192
3148
2756
2301
2520
1928
1244
3833
4387
4534
1080
530
1732
70
53
4738
1074
1028
4375
2716
867
2037
2666
505
2367
1444
4532
756
4891
2357
1662
4849
3044
735
3551
3695
1694
4456
3659
1258
3245
1022
3513
4029
846
1665
245
4038
789
579
3424
4080
13
2855
1480
168
4829
4534
1683
2607
4172
84
2989
1210
4669
4572
3
173
3047
3120
721
4505
2529
Optimal makespan = 4959
