Jobs, Machines = 100, 50
Processing times (line n contains processing time for job n for machines 1 to m):
3932
2718
1348
2728
2501
2619
4902
1427
3553
108
2484
4046
723
129
2561
2443
2144
4201
241
108
4877
3845
2075
1329
2631
3231
4578
3087
544
2243
4099
1146
4222
2008
1899
4509
707
1713
467
4915
640
3266
2873
673
4823
1671
877
4238
3651
3452
3714
3527
1710
3918
1869
4232
748
4153
994
245
3860
2471
2378
4651
3459
3625
504
4579
1838
2364
4137
1007
4751
1152
2389
3532
4019
4854
864
4192
1321
2868
1573
2382
4958
2530
4603
4837
1506
545
2400
496
2647
34
2870
4206
446
1289
3092
3291
Optimal makespan = 5176.7
