Jobs, Machines = 100, 50
Processing times (line n contains processing time for job n for machines 1 to m):
1689
3322
1668
969
790
3070
2708
2924
1706
2529
1448
3577
3611
4434
1499
2711
835
2307
3389
4738
4020
859
4719
1643
4927
2568
3244
4273
2610
384
1025
705
275
1397
2233
4040
2214
1790
546
2162
3074
4214
4984
3045
3684
2780
3985
4945
3745
2961
2323
2232
865
4238
1446
1439
3633
3362
2546
4605
755
2051
4955
1769
685
183
1521
485
3676
498
4374
4722
1849
296
1713
1034
1520
2493
4825
3384
4364
3285
2955
4465
1745
2125
4933
3373
2093
1020
2169
4835
3752
1203
2084
243
4149
3330
1811
484
Optimal makespan = 5137.4
