Jobs, Machines = 200, 100
Processing times (line n contains processing time for job n for machines 1 to m):
1415
3326
3715
1284
3917
4529
279
50
3726
4570
419
460
1655
3446
1129
3277
4179
90
1316
4031
4516
3192
4544
3425
4243
209
1159
2684
586
4511
4849
4769
4636
1724
986
4796
2009
2384
759
1250
3845
1505
1602
3373
934
1396
694
2252
3382
3692
176
481
4779
3271
2887
1667
459
59
3644
4452
4986
3256
4588
1262
2530
2462
2154
1222
180
161
3884
3706
4590
1783
2677
504
2631
2675
4084
487
4197
2870
1137
149
1024
1873
4036
1006
1240
2106
951
2233
4711
4848
453
3738
3479
838
2236
3613
3075
3525
2481
3321
1973
3781
164
2376
2676
1079
1951
4018
4655
4747
1101
2772
2889
667
4375
825
4047
2394
2640
4893
149
2002
1307
3820
732
3988
3801
4190
1217
4479
3781
2272
935
1685
1219
3803
1120
2674
2211
1203
1685
360
2856
1183
4679
452
3600
4642
4142
377
795
2345
3657
473
1801
1040
2125
4415
2992
2282
159
912
4852
4179
3357
2194
2782
3871
532
2883
3683
2224
2697
2986
116
3770
4901
3774
465
2223
233
3956
3282
3595
568
4035
3423
737
4742
1635
3904
1536
31
408
1692
4035
Optimal makespan = 4986
