Jobs, Machines = 100, 50
Processing times (line n contains processing time for job n for machines 1 to m):
1555
1618
2164
3340
1083
3254
4114
2405
415
98
3188
2806
4802
3979
2388
107
3407
3726
3202
4178
1147
2746
3812
3529
3197
3807
2485
2212
3571
4342
4572
3166
2004
1610
1059
4322
134
3784
2100
1514
1228
4336
2989
3188
9
2758
4575
1139
2926
50
3393
2884
443
585
535
3443
3552
4421
357
1437
3600
1567
2501
1092
2939
2777
1891
2128
1755
4484
1695
3386
4084
4447
384
2814
3152
2408
3256
2898
2886
4885
2677
2905
4194
2159
617
3404
3581
1326
1511
547
357
1312
1876
2814
2778
4462
1018
2951
Optimal makespan = 5054.16
