Jobs, Machines = 500, 75
Processing times (line n contains processing time for job n for machines 1 to m):
236
3981
906
2764
2896
145
4226
2798
3463
1203
4454
2963
2517
253
3563
4765
563
2629
3050
754
1528
3551
1889
1111
1032
4416
2878
3607
1338
2562
4413
729
432
4075
4730
543
1096
1479
3634
1338
4612
2841
498
1613
3099
1845
1361
2670
4980
3539
16
3137
2245
4122
3440
1928
1307
1641
1047
3048
1151
1304
3454
3429
156
4410
2644
3239
649
1313
3851
1680
2800
4040
244
1373
1215
4792
1346
1870
1796
2945
462
1799
4661
4566
1479
4060
716
2761
1068
4629
1573
4968
1800
3886
3825
97
270
3083
1928
890
153
1739
2465
3213
607
490
153
3411
4980
4962
2179
1757
4363
1875
2519
3271
328
2225
2219
21
1969
3982
2034
2675
610
1877
3083
184
3641
406
3304
506
2190
3285
812
3719
1742
697
1980
451
3894
2469
870
2809
3369
4174
2268
2738
2418
1486
1880
4753
3997
4548
885
3395
3375
4510
4160
844
4642
2691
254
669
1312
1053
4319
110
3593
4659
592
833
2073
1138
3051
2093
1296
1695
476
2959
2715
2284
4183
392
1456
879
2493
3828
4387
4197
2789
1825
2500
3796
2278
4784
4998
2128
1112
2465
1835
4811
4803
3801
1763
3743
4421
3573
146
1192
1188
4562
2730
1351
3303
2289
691
1325
618
2231
1528
2833
4721
2781
4976
2172
4421
3343
3606
3453
1881
4015
4663
2575
4814
144
3482
3797
4602
3003
627
1581
3110
151
2487
4621
4473
1997
4824
424
638
3116
4979
807
1628
625
3326
838
2466
2220
4793
3014
602
4636
2092
2387
607
4065
411
543
1089
1175
2659
71
653
2279
1201
318
2503
2830
3237
1475
2525
4346
3563
566
2954
1466
4953
2807
3806
4947
4459
106
4133
804
3498
4434
4867
214
2142
3237
4718
4945
2844
1764
3365
4322
320
2548
1583
4209
2560
2563
1821
3791
716
1707
4891
4329
1595
3968
3622
1804
2567
2145
3727
2149
4440
2252
4004
3776
380
2593
1884
3047
3735
3527
1701
2844
3558
4661
1639
1523
4831
3450
819
815
520
4369
2792
1694
908
1019
1807
3615
945
733
705
2792
3213
4754
4859
418
4619
2694
43
1623
1850
313
374
722
154
334
2833
4057
887
4764
2995
2885
1668
1723
3597
2893
2401
1889
1424
4453
4603
2963
1183
4028
3718
145
1888
957
3821
2336
4708
1325
2841
916
2053
2600
2173
2211
4139
3919
2771
3111
379
3761
4219
3846
3303
2268
297
4294
1487
2854
874
335
2588
4788
3103
940
175
1034
4932
3844
4919
3426
1984
1252
1617
3357
678
1473
403
455
3037
4001
1839
64
659
2981
2206
2845
1591
2078
1208
3996
1899
3218
72
1628
904
3453
468
4281
2977
4813
3175
4276
1633
2591
3223
2310
4192
3434
3479
3189
1390
3095
2270
4115
53
4219
3616
3378
739
1492
378
2222
2796
4439
1713
413
4892
1836
2196
839
4441
1019
4311
1548
1474
272
Optimal makespan = 16357.173333333334
