Jobs, Machines = 100, 50
Processing times (line n contains processing time for job n for machines 1 to m):
1985
932
3981
4067
322
4340
1626
4504
4379
2489
2247
3057
3157
1130
4276
4573
1740
3165
3512
3218
123
2787
4893
4406
1556
675
3845
2876
4173
3699
4260
3078
2024
3710
1260
3679
544
2238
278
3936
3465
3253
3147
2151
4923
642
725
1046
1296
3251
2053
1888
3761
396
4974
904
638
3803
2462
435
175
3200
1449
2187
1014
4174
4523
339
3633
2450
2152
1379
1395
4054
1315
1907
3538
98
2390
1666
2299
1136
3592
1434
3083
442
3986
1866
327
2312
3972
2916
4275
2844
3152
1345
2578
1090
2539
3007
Optimal makespan = 4983.72
