Jobs, Machines = 500, 10
Processing times (line n contains processing time for job n for machines 1 to m):
642
36
186
169
714
745
723
69
198
949
386
920
255
804
56
450
177
222
60
999
364
245
216
643
193
653
425
969
21
506
60
808
592
763
48
796
831
742
751
741
493
762
63
530
74
161
278
240
170
868
532
791
923
691
956
774
653
353
765
950
732
258
429
844
115
12
734
96
882
298
124
930
269
78
461
484
89
489
458
627
506
780
1
664
446
524
740
115
497
423
382
451
316
491
84
659
61
105
796
635
420
622
182
30
662
618
109
741
930
46
350
448
447
544
588
863
780
749
869
42
856
695
991
828
860
230
536
299
348
166
161
900
392
285
942
188
326
942
424
824
185
377
689
335
35
356
565
673
745
796
321
591
362
315
929
377
741
476
658
14
241
696
538
883
395
160
923
504
535
651
621
354
885
243
39
761
403
590
732
190
255
131
40
739
644
592
256
95
158
843
547
219
967
418
140
863
959
839
656
128
224
68
204
123
925
199
840
53
917
298
858
355
648
892
826
150
518
415
706
22
241
99
40
445
641
71
920
275
265
535
732
901
115
630
942
208
737
2
664
849
854
140
580
950
506
249
287
340
162
459
783
766
32
134
414
843
785
305
664
312
257
328
152
485
432
433
362
666
975
409
531
321
955
522
751
578
653
473
505
632
96
360
934
659
67
244
159
17
823
990
291
659
134
898
431
486
413
199
646
965
740
251
546
346
197
555
846
286
845
121
841
239
253
15
532
526
560
22
427
396
150
871
1000
602
903
348
738
297
425
69
99
867
551
2
529
455
641
726
444
749
194
324
480
326
202
117
827
98
347
600
242
405
57
745
622
171
493
206
91
447
487
461
74
623
590
129
796
146
247
653
32
625
111
716
795
292
407
937
389
77
380
614
874
893
160
870
935
256
83
40
534
839
662
812
25
756
750
444
883
744
107
461
98
673
32
151
188
932
964
55
450
401
410
131
261
325
878
20
68
973
941
824
396
488
304
990
525
487
386
449
902
292
261
312
506
277
433
331
565
903
441
213
476
476
252
148
551
67
40
605
381
249
96
834
266
592
364
185
59
864
124
816
805
160
536
524
965
784
70
821
810
912
180
511
311
747
365
283
697
906
121
165
749
239
415
773
294
724
558
471
634
25
476
546
157
122
342
97
158
69
Optimal makespan = 23577.0
