Jobs, Machines = 100, 50
Processing times (line n contains processing time for job n for machines 1 to m):
4042
2668
1627
440
3634
4375
1034
1831
2137
934
4203
2892
3638
3332
2216
1561
259
996
4784
3148
557
3876
4239
3271
1862
845
4239
1648
4879
4526
2142
3435
1643
3540
4928
1651
268
4210
787
2022
128
2585
1694
3064
4534
4545
3753
2102
1546
1930
2131
2616
3806
2454
1974
3364
3957
1566
762
3463
4936
4162
3846
2970
4464
2677
4638
1716
4253
1128
4803
3688
1820
3370
3112
3167
302
179
4844
1707
1914
4879
974
4444
20
449
3234
146
1371
4943
1764
622
3915
582
3683
3826
1924
1152
4970
1005
Optimal makespan = 5277.84
