Jobs, Machines = 100, 50
Processing times (line n contains processing time for job n for machines 1 to m):
3466
106
1089
2276
3196
3505
389
588
2847
974
3757
3801
3218
3930
3727
4645
2492
782
70
3565
216
3849
3214
3160
242
3307
1944
4654
2655
3790
3658
4197
633
3129
772
2082
681
2601
4985
589
1834
4832
3016
3700
1271
2065
1786
3312
2630
3586
2005
4789
1490
4459
1264
325
103
2915
296
4620
3731
3997
3909
1345
3300
1234
3457
1072
1281
17
912
1552
1373
2151
3431
4901
4721
579
2053
4430
4513
4514
2514
444
3080
745
3157
2735
4364
467
1058
619
2460
204
3824
3058
1872
3073
3910
3884
Optimal makespan = 4985
