Jobs, Machines = 200, 50
Processing times (line n contains processing time for job n for machines 1 to m):
58
97
74
70
17
22
95
53
38
38
61
95
29
85
37
36
28
29
43
11
7
26
34
78
40
49
25
41
55
78
29
70
58
19
64
76
68
95
88
8
68
92
62
35
54
31
56
18
68
9
58
39
14
70
88
70
53
2
50
4
23
28
88
99
68
2
63
36
24
52
96
94
85
21
27
53
17
47
10
54
95
48
85
95
30
75
45
77
57
61
78
1
70
21
31
67
41
96
6
13
39
99
72
40
93
54
19
42
47
82
76
84
13
45
48
39
58
61
92
3
45
48
81
25
97
7
34
6
18
27
30
30
2
74
45
39
62
95
31
12
6
83
71
30
16
47
54
81
94
77
62
83
68
67
93
19
12
53
92
33
84
10
76
29
77
77
4
63
44
23
9
49
82
14
51
97
89
91
91
87
9
23
57
35
49
54
38
41
45
84
49
7
85
4
32
47
77
77
6
45
Optimal makespan = 203.0
