Jobs, Machines = 200, 100
Processing times (line n contains processing time for job n for machines 1 to m):
3684
3603
4003
2065
2172
2859
3650
1136
3124
4568
305
779
1509
4023
1854
1291
2863
4521
2595
1902
3939
3984
3758
3826
210
2471
3447
803
4307
1194
982
4585
4918
2929
2282
215
3979
4388
2696
1789
3374
3160
3612
1051
2730
77
3386
1350
2827
41
4959
993
3948
1068
2573
4702
2055
1613
2714
1231
270
765
2797
1597
1689
151
3787
2259
126
1797
3192
1960
4011
4700
1520
4548
2499
2186
2265
3626
526
4260
2827
1657
1754
1730
3148
4757
4256
2569
902
2488
2599
2469
4197
3459
2767
1993
3947
803
229
1833
503
3262
311
3772
1427
4060
3089
1409
724
681
4626
4315
1632
850
284
4930
2033
4333
562
304
484
1502
3438
343
1023
729
2714
4182
4739
2111
1154
1977
3314
1109
671
3457
2642
3441
2004
4880
1389
2627
3266
2812
1010
2044
3304
3456
3729
4234
3219
1992
2784
1556
240
2499
257
3070
2860
1642
1945
4294
3652
3717
4620
3705
468
4785
4254
4958
157
2153
1999
3275
388
4373
2135
4286
3873
555
3668
2000
1400
3429
3747
156
2292
4234
1410
3705
2668
976
4695
182
4543
1450
4503
4603
Optimal makespan = 5038.51
