Jobs, Machines = 200, 100
Processing times (line n contains processing time for job n for machines 1 to m):
1555
1618
2164
3340
1083
3254
4114
2405
415
98
3188
2806
4802
3979
2388
107
3407
3726
3202
4178
1147
2746
3812
3529
3197
3807
2485
2212
3571
4342
4572
3166
2004
1610
1059
4322
134
3784
2100
1514
1228
4336
2989
3188
9
2758
4575
1139
2926
50
3393
2884
443
585
535
3443
3552
4421
357
1437
3600
1567
2501
1092
2939
2777
1891
2128
1755
4484
1695
3386
4084
4447
384
2814
3152
2408
3256
2898
2886
4885
2677
2905
4194
2159
617
3404
3581
1326
1511
547
357
1312
1876
2814
2778
4462
1018
2951
1430
3216
109
979
1565
1035
2661
2581
1490
2015
2722
3894
3046
2456
2568
1195
1653
631
2730
3530
2536
4848
3124
2456
2130
4331
183
4860
168
4349
1100
971
2093
1011
1517
4612
1876
1269
4234
555
2461
3338
619
4530
4574
2708
2578
846
1965
28
3019
15
3916
3783
3843
2935
543
707
4544
2689
1686
807
1314
1042
3173
1698
4859
3822
2692
4058
1151
1756
2909
1891
3978
3213
1096
2384
1474
1233
3704
930
2626
1786
4167
127
3922
829
258
3468
3590
905
2909
1618
3903
1843
1428
3956
1617
4300
Optimal makespan = 4885
