Jobs, Machines = 200, 100
Processing times (line n contains processing time for job n for machines 1 to m):
3189
140
1240
2387
289
3329
2383
3420
2675
1735
1854
3197
1837
2324
2831
2587
2745
3737
3177
1771
4321
4314
2164
2863
746
3976
4394
4879
1021
4533
1669
3790
2169
1286
1040
2403
3522
2493
4693
2660
2483
3223
1783
843
4090
539
1779
3143
2437
2644
2856
4321
2541
2945
4411
30
3721
4762
708
2685
217
2897
3809
2318
2887
2616
1008
2540
998
3592
1834
4119
1929
4679
1394
366
4258
805
4961
2406
2430
1695
4150
2851
3221
1276
2098
3763
19
1329
3264
3312
3691
2855
4069
1674
3153
4949
278
3363
2565
1463
246
780
2397
41
4714
3429
4103
3239
4915
4959
4764
4259
213
2627
76
953
4704
3556
2483
480
1871
1373
1832
70
2345
4270
4653
1712
3109
1060
1998
2544
1392
682
3583
2915
4266
4895
3234
2345
4741
1407
2399
2730
4851
4035
3560
416
4129
3958
3010
3633
4230
3604
3510
909
214
4814
2575
285
428
1154
1301
3963
2421
3944
337
1121
1009
3823
3707
4628
2662
1269
2533
1518
918
1132
833
55
1872
504
1023
2223
4297
2102
1107
2010
3511
4730
4464
3170
3725
3318
1828
4451
1761
4908
Optimal makespan = 5166.85
