Jobs, Machines = 200, 100
Processing times (line n contains processing time for job n for machines 1 to m):
899
3856
3810
3393
2066
4714
3320
4805
3317
1333
2261
4455
2169
2328
4467
2643
2103
4154
3227
1970
4488
1709
403
4520
9
340
2575
134
2488
73
916
2806
2281
3458
3182
3725
2036
3612
1101
1731
1987
3772
3290
2864
2863
2266
1823
1132
2198
653
4111
1605
3180
1745
989
1491
341
2535
4637
1007
2111
1648
3323
485
2826
3183
3810
1236
1856
969
2363
4333
3879
915
2845
38
4278
4984
4088
549
718
2535
3829
2399
3121
214
2393
3568
2808
216
3663
3261
2022
539
4170
714
4746
3492
2119
3353
1532
1835
3642
4164
1417
1521
1045
238
2311
3779
182
4520
75
948
3497
2251
3475
3670
4201
1643
3315
4986
1562
2874
2879
2678
2928
63
3515
3953
2354
2007
1145
943
3940
3428
4175
2248
3051
2717
740
2946
2150
4473
3729
1219
11
3668
2305
1320
1559
3279
3604
132
1655
3995
2706
1183
4496
4055
3827
1417
4670
4297
4467
2288
1434
3862
2048
1224
695
730
1924
2076
2574
1664
1694
1404
304
725
2357
2810
819
758
215
3289
2968
3249
386
1593
4600
2130
3222
320
1699
1174
4059
1918
1320
1898
Optimal makespan = 4986
