Jobs, Machines = 100, 50
Processing times (line n contains processing time for job n for machines 1 to m):
427
4521
3255
4989
3725
225
1947
2364
4514
4039
3472
4176
2020
3369
4414
4554
1468
2245
4301
261
4923
288
889
3406
4999
3308
2837
2911
4235
4536
4490
2529
637
3260
3420
2377
4358
4744
4403
4036
2107
3811
1798
2719
3880
4367
1765
3462
4264
1123
2411
4507
1168
4210
3897
1780
1542
4784
3383
4137
649
2700
2096
2888
3259
1649
2770
4033
3966
4659
3994
4154
4161
3754
3263
1635
463
1392
2641
1632
985
590
188
4323
2905
204
2204
2176
1060
4740
1175
1459
1226
3155
3089
394
3940
3970
1627
4493
Optimal makespan = 5752.96
