Jobs, Machines = 150, 75
Processing times (line n contains processing time for job n for machines 1 to m):
2722
4088
1416
2091
4845
1296
3027
2229
113
996
4757
2363
3346
1651
2551
4123
3244
2691
3013
4493
1552
1993
4285
3543
593
789
3143
29
2547
4900
1008
2293
3241
3822
236
1198
3641
1516
3387
2942
3807
2549
2297
3855
1545
4183
650
2725
3353
2408
396
3720
2329
4523
1284
2954
2025
2984
3747
2732
4140
4774
2869
3517
1563
1614
771
1402
2896
4469
4976
511
4745
1813
681
2823
384
4465
410
3318
4200
707
500
4572
4392
2197
4895
3563
3596
1568
39
3601
4780
36
1656
957
4880
423
3000
1912
4918
3942
4287
4786
1026
2101
191
2406
653
4408
2135
4566
4432
67
633
4002
4264
2539
458
1763
2419
1425
2498
4136
4986
4469
2503
999
4607
1650
4231
4418
4308
1359
2777
1228
2859
4812
3191
536
2131
1271
2291
1789
4535
3971
1106
230
1340
1916
Optimal makespan = 5239.493333333333
