Jobs, Machines = 150, 75
Processing times (line n contains processing time for job n for machines 1 to m):
4569
3942
2886
3952
3080
3358
1710
361
1489
457
3126
4802
1947
3137
456
4449
3181
958
3509
4587
672
3203
2938
4320
3558
1256
1197
801
2918
4975
2390
3891
3086
3643
327
2361
1409
2990
3371
1595
3277
4458
3341
4292
1959
4968
2957
1550
242
2490
2576
972
486
2212
889
590
4095
2503
4279
3467
4544
3662
2066
814
3201
1588
3453
1588
3662
1594
2415
4157
4478
1953
899
208
66
4698
2405
3632
4096
1158
2343
2701
3774
3685
3548
3627
361
3566
2026
749
83
3873
4622
1774
2136
3612
2051
2539
3443
2126
3306
4808
3424
35
2695
2256
1736
2602
4772
4616
2793
4132
3824
989
1702
4355
163
1296
911
3154
3363
2585
564
970
3778
817
2114
2105
1931
3908
3501
554
3002
3617
674
3849
627
1084
993
3418
1698
1905
3648
533
4068
717
733
1710
Optimal makespan = 5059.613333333334
