Jobs, Machines = 200, 10
Processing times (line n contains processing time for job n for machines 1 to m):
689
481
908
110
290
991
133
71
230
71
279
750
134
259
96
251
72
368
453
975
164
861
604
155
219
135
405
812
800
562
342
107
938
321
508
519
148
643
80
415
106
420
500
27
573
372
835
973
993
836
131
779
623
948
1
94
222
607
1
140
927
667
584
52
157
153
92
175
63
910
712
549
741
129
187
812
705
404
827
46
212
386
702
778
798
309
428
102
344
289
788
560
510
198
93
775
834
165
341
37
301
310
591
5
343
812
276
225
934
873
799
447
813
172
292
487
28
819
827
505
925
416
656
518
251
437
440
382
313
816
69
389
403
624
811
18
731
457
175
780
156
412
828
520
426
962
310
969
676
132
278
427
452
71
825
848
352
791
257
57
499
763
588
415
930
882
382
527
347
919
943
870
118
775
885
63
31
234
805
58
992
255
394
956
65
59
880
593
824
498
241
155
133
684
194
678
14
631
676
143
Optimal makespan = 9239.0
