Jobs, Machines = 100, 50
Processing times (line n contains processing time for job n for machines 1 to m):
3490
2539
3831
3158
325
1676
3279
1566
4345
4711
374
2167
2325
4070
3681
4927
1286
917
1972
982
2537
3657
4592
366
4425
4991
2155
1102
2213
2851
2410
2751
4263
1607
812
4310
373
3616
3797
1509
4287
2651
4302
429
4088
2836
2667
1758
4335
3623
280
4233
377
351
890
1125
549
1899
734
4338
4098
4614
2011
2762
4529
2093
2780
2403
420
3221
4754
1351
1132
2536
4388
2983
150
4242
574
4108
1614
3742
960
2834
2016
2134
4711
2092
4319
946
1191
3963
2538
3600
2690
864
1413
2383
3859
2322
Optimal makespan = 5141.0
