Jobs, Machines = 500, 75
Processing times (line n contains processing time for job n for machines 1 to m):
4272
1221
538
2551
4308
920
1373
3258
2584
3657
4442
4463
2779
3240
1093
1457
392
2872
2299
3517
3117
3776
1350
3897
1177
4280
2998
4860
4033
4387
313
773
1162
1220
258
1729
2449
2989
765
2794
2852
93
4856
1249
1686
2405
932
2628
4578
788
34
3196
1866
1440
4019
4499
3652
48
785
350
2156
4490
845
4719
4751
4733
4373
4406
2045
4924
1841
2309
1836
3639
3628
3288
974
4136
1156
3486
4557
2896
3721
567
4775
374
2759
3734
4141
3036
648
3794
4592
198
2149
3253
1002
170
4126
2331
2239
727
4743
1955
444
107
4583
2896
50
1463
183
1712
4042
2648
3333
234
3961
4566
4182
1695
3948
2525
1849
1844
1208
1101
3950
1723
3884
851
576
2449
3108
289
2678
3040
4258
4142
1653
4572
2094
4970
2913
291
2232
2279
915
266
1994
270
4012
2050
4657
3738
3570
1007
1186
3411
2625
2047
3579
4253
2661
3371
1373
2192
1665
3283
3761
3521
2570
3887
2489
177
2026
12
3947
3233
809
1573
4166
1949
3902
367
2485
648
1520
560
959
4558
1102
3609
1092
4428
4327
4704
764
3646
3935
3949
2476
3473
1659
3483
3938
521
1717
1631
1744
2455
4281
1571
1805
261
4141
1301
812
2233
2710
1971
19
3014
3944
4344
6
1670
1863
3552
3230
939
1271
943
3141
239
2151
909
2871
92
1020
3089
4591
646
105
606
4792
1231
967
1215
1411
2598
4439
1266
4911
3600
1892
1942
3271
3541
4993
4309
4642
3212
2505
3756
4918
2824
4502
435
2276
2898
2825
2933
4816
1995
1811
3036
2492
2011
2152
3969
1177
2244
1149
4705
4827
338
2178
1830
4902
497
970
2908
4820
3267
3184
945
1483
3233
255
4931
3991
3965
3780
938
1718
2128
2378
1066
293
425
2829
1379
4806
2108
1360
2214
3443
1111
2708
2413
3386
2543
344
1563
1526
2641
3924
1827
3008
2891
2885
3268
3589
4331
2875
4721
1867
3145
1886
3585
3765
4722
1557
1661
1568
3441
4331
4211
2211
85
1104
4498
2275
1143
3876
854
999
3246
3929
1469
2263
1501
2292
3980
1401
2455
835
94
3432
4407
683
91
4242
145
1608
1655
1081
4342
2815
4271
797
2341
1056
635
1212
3101
4652
3419
2182
3906
1717
3058
1015
3451
3094
615
1401
4262
2629
4510
1175
2081
4928
1495
1763
2059
3406
2724
2978
1575
3537
1989
1944
2561
83
1799
3986
3331
4111
323
1312
2953
3150
3242
155
2664
536
3768
3997
3421
2940
3792
2914
3865
1640
827
1829
4651
2903
1452
1621
1844
2340
1231
629
2650
3190
1726
794
4639
2637
4015
3928
4858
249
444
156
3459
819
4499
2534
4626
4149
3538
1541
1246
2892
4710
4863
224
1595
4046
3135
3073
3437
4217
2128
45
3189
4577
332
236
1218
2401
4840
391
3377
2436
4664
991
3973
3292
3359
795
3128
3626
4919
500
3164
237
Optimal makespan = 16605.52
