Jobs, Machines = 200, 100
Processing times (line n contains processing time for job n for machines 1 to m):
4459
1588
1574
976
1442
2969
606
2734
320
319
4764
972
2311
375
3624
3741
1722
1758
2856
778
3047
4544
114
4141
3159
1854
3947
287
355
598
4458
933
460
1808
2163
1023
3834
2419
1456
1658
3373
2762
2172
2186
717
4497
2957
3596
3964
4609
2544
2432
3747
2492
281
1288
2275
4653
1902
1055
4753
2546
4937
2582
901
1262
847
644
534
3668
1698
3237
2564
1058
705
3950
4136
3780
1978
2080
3632
4365
1795
3220
4790
1875
1424
705
496
1980
4733
3316
3218
4327
4224
2954
15
1150
2796
3232
443
507
4123
2885
1900
1780
4863
1191
4297
4207
1218
2418
2061
3473
2809
4106
2032
2493
3686
4278
2317
2644
4607
2193
4543
4062
3846
1924
844
4668
629
1418
702
4393
905
3774
3599
4193
1939
3132
4288
2025
3881
1665
1420
122
4795
4252
4263
2597
2618
873
3076
1800
1595
837
552
348
1092
130
3254
632
3756
985
4846
2505
3756
1450
3014
4162
4937
3802
4238
3644
750
2201
3587
288
342
2541
559
4785
3993
3318
179
1031
2704
3558
3438
4114
445
2788
2136
1182
4197
2582
1268
4460
2551
1096
Optimal makespan = 4961.6
