Jobs, Machines = 1000, 150
Processing times (line n contains processing time for job n for machines 1 to m):
1
9
2
4
4
5
3
1
3
5
1
8
3
5
3
3
2
2
9
9
1
90
5
4
9
93
5
9
9
3
6
81
8
7
3
6
6
2
4
5
2
8
89
6
6
86
7
1
88
3
4
5
5
2
82
8
3
2
8
4
7
3
1
1
6
9
9
8
3
3
85
6
3
9
9
5
5
4
8
7
9
5
3
9
5
5
7
3
7
2
9
98
1
83
3
8
5
6
3
89
6
5
8
8
5
9
8
5
9
5
2
7
4
1
5
1
6
3
9
5
2
1
7
6
6
3
80
80
1
7
9
3
3
4
7
4
9
7
8
9
7
9
6
96
8
9
92
98
4
4
1
2
8
1
3
1
8
6
3
2
92
6
7
9
4
8
80
1
5
5
9
1
2
3
1
3
5
3
5
4
7
8
4
8
9
5
5
7
1
1
5
6
2
6
80
7
8
5
82
8
8
1
6
81
8
2
3
3
6
7
85
1
2
3
9
5
6
8
5
6
9
7
6
5
82
83
8
2
8
1
4
2
7
4
1
5
7
1
6
1
2
7
80
6
3
2
98
4
5
5
3
5
90
5
2
5
6
90
7
4
4
2
7
1
1
6
9
5
6
4
2
8
4
8
4
7
1
90
4
9
90
9
1
4
6
3
5
8
6
9
8
5
1
84
3
3
2
5
1
6
1
6
7
1
6
3
83
8
3
9
7
6
8
3
2
1
5
3
1
4
1
7
2
9
6
6
7
92
9
3
4
4
1
5
2
5
7
7
1
97
1
6
9
3
7
93
5
5
7
91
8
2
96
3
7
5
1
4
4
5
97
9
5
7
7
5
7
2
2
6
6
2
1
1
9
6
3
9
6
3
7
3
5
7
2
6
7
4
7
4
2
2
5
1
4
8
7
5
2
4
3
87
4
3
97
3
2
9
93
88
6
9
6
6
7
2
7
9
9
1
8
5
3
5
1
1
2
3
9
7
3
6
7
6
93
1
6
3
1
4
5
6
2
7
3
2
8
6
85
9
5
96
9
2
80
97
9
5
98
5
8
6
8
3
2
84
9
3
9
9
6
6
6
7
5
9
7
5
3
4
92
9
4
8
7
4
5
3
5
2
7
5
2
6
4
5
9
2
6
2
81
3
8
7
9
3
1
1
6
7
2
8
9
3
3
9
6
1
1
8
9
5
5
9
8
5
90
6
97
1
6
98
1
3
5
2
1
3
3
1
8
6
2
3
6
2
6
5
5
9
7
4
5
94
6
93
9
7
9
2
4
5
2
5
2
90
1
8
4
82
5
7
4
2
5
5
7
2
3
2
2
7
9
9
95
86
97
8
3
1
5
6
4
93
99
4
1
7
4
2
8
5
3
4
9
6
8
6
7
7
1
8
2
3
6
88
91
3
3
4
8
3
1
9
8
9
3
8
2
3
5
9
3
5
8
7
8
87
9
1
5
6
5
3
2
9
7
8
6
2
6
8
3
1
1
8
1
4
2
8
90
4
8
5
7
7
1
4
6
6
9
7
7
3
85
5
8
4
9
97
8
8
2
7
2
91
9
4
2
6
2
8
7
9
5
4
2
3
2
8
2
9
2
1
3
9
1
3
6
3
6
7
3
2
8
7
9
6
9
7
4
6
2
4
4
4
4
9
3
5
1
98
6
6
7
91
9
5
6
96
7
5
6
9
5
86
1
6
5
9
5
95
6
3
9
5
85
3
6
4
5
4
5
9
9
5
6
6
6
8
9
95
9
2
7
3
3
3
4
6
8
9
3
7
4
2
84
2
4
8
9
6
8
4
9
82
2
7
8
3
3
1
3
9
8
7
7
7
7
7
3
9
9
8
8
7
1
82
4
5
1
1
4
6
3
9
91
5
6
2
96
1
6
6
5
9
4
4
1
7
4
1
8
7
1
4
2
7
2
5
1
87
7
5
6
7
5
5
5
6
1
5
7
1
2
2
97
4
5
4
7
8
6
7
4
8
9
6
2
2
7
1
89
7
1
5
96
3
9
91
95
4
5
9
1
4
8
4
2
5
5
6
3
7
5
7
2
7
9
1
4
3
2
7
7
6
7
2
94
2
5
9
98
4
87
3
6
4
1
6
6
3
2
1
5
2
9
1
1
7
2
3
9
85
3
7
1
8
5
3
6
1
3
3
3
8
2
1
1
7
97
7
81
93
8
7
7
86
1
8
6
6
4
2
80
8
1
3
4
9
9
3
6
1
1
4
5
2
86
6
96
1
4
3
89
7
3
7
4
9
Optimal makespan = 99.0
