Jobs, Machines = 100, 50
Processing times (line n contains processing time for job n for machines 1 to m):
471
4137
2745
4638
3477
2164
4175
3844
3597
3705
2092
709
149
1639
1016
1028
1063
3141
3480
4675
3485
1614
4260
102
3357
2006
3131
323
341
2353
3873
2125
1929
277
2109
3170
2303
4449
1322
896
2439
2608
1383
4519
1191
4009
3239
1691
3521
4762
3757
4007
2608
2751
4060
2817
2860
2769
180
4579
82
4206
2713
1516
1675
4564
4062
1343
1975
24
3620
3207
4740
2876
3307
1366
2203
123
4859
3637
3109
2040
493
3835
4000
1425
2694
1807
4774
1098
466
4646
3953
1912
4347
4675
2006
1252
3729
4416
Optimal makespan = 5277.9
