Jobs, Machines = 200, 100
Processing times (line n contains processing time for job n for machines 1 to m):
3876
3983
2966
3829
3841
629
2005
3325
3011
2308
3556
1293
1589
1138
4402
2590
1889
3248
3833
1059
318
4827
4068
4676
3696
3156
3895
4324
2690
4314
1525
1683
666
4150
3574
356
344
1659
830
1386
3620
2328
4874
1926
2167
1555
4330
2955
29
1761
1110
3943
3852
3912
1824
1940
2935
1850
2522
3326
811
785
1630
3477
1240
2809
4793
4214
594
2634
4557
2798
4515
4068
393
1260
271
3161
3750
2328
3422
1680
3488
1775
4311
3135
1852
4206
3252
2914
3946
653
2082
2622
4307
4038
1905
2110
3670
1197
445
1530
3847
1744
1411
1688
3557
1471
4850
3871
3423
1045
2559
4843
4355
4447
2611
632
4506
1741
925
4796
213
4870
3649
2750
894
2022
1215
2715
3221
4098
4956
3703
3943
2548
3786
391
1582
1686
831
3405
832
4970
1479
425
2113
3648
4657
1316
3869
982
1884
4941
4921
4619
3685
1846
2084
1565
3102
2708
3473
2077
3695
2766
1815
2571
1174
3622
1036
2965
2897
1580
1945
1596
1071
2063
2846
4919
3251
1295
1157
2215
1852
4500
260
2313
845
2154
156
2785
1609
4474
1203
1504
3245
322
865
2831
Optimal makespan = 5172.87
