Jobs, Machines = 200, 10
Processing times (line n contains processing time for job n for machines 1 to m):
789
420
754
174
572
900
97
85
900
752
121
152
312
919
474
708
712
580
228
999
110
758
613
502
58
258
15
121
360
933
350
726
340
97
331
421
490
288
915
73
478
702
585
331
87
891
755
145
629
329
436
563
19
605
286
514
576
141
899
460
942
579
970
313
306
521
746
677
547
523
892
629
967
632
566
941
534
492
951
819
462
316
374
210
636
236
768
400
733
105
250
958
466
553
587
353
762
740
575
102
26
22
897
73
555
465
645
847
867
768
122
32
248
935
23
654
223
691
710
785
5
483
780
809
446
860
41
165
195
485
409
211
866
410
235
427
485
887
159
701
335
634
612
148
76
915
333
168
983
390
178
347
639
542
693
711
475
697
313
513
406
742
328
784
509
828
810
412
690
818
824
898
421
988
625
881
199
90
952
215
968
139
693
593
566
613
227
261
90
728
128
651
712
100
631
761
129
663
539
930
Optimal makespan = 10188.0
