Jobs, Machines = 100, 50
Processing times (line n contains processing time for job n for machines 1 to m):
3916
4150
4413
2786
1885
863
1483
4597
3016
4201
2707
2300
4382
772
4916
4767
2639
1404
2654
4028
1308
157
230
2780
1694
1925
602
1726
2116
4342
2382
4232
578
4363
1952
4734
4383
1228
1942
4584
943
903
3315
583
2326
4991
97
1
1638
2068
388
103
4035
438
4391
61
2280
3138
4706
748
549
3053
2622
4820
2113
2669
4505
4240
1067
302
738
4695
3471
3236
807
80
284
640
4451
3920
4538
3268
4480
2566
3969
2288
1869
1016
2238
4595
1810
2970
2973
2005
2080
852
696
2988
4715
757
Optimal makespan = 4991
