Jobs, Machines = 150, 75
Processing times (line n contains processing time for job n for machines 1 to m):
608
3669
2005
2284
1318
928
4833
3514
168
173
2836
2977
2876
3447
2480
4303
2059
4808
4900
2306
780
1663
1402
1927
1941
697
3453
3682
2306
491
4791
1460
2560
2333
2689
4061
3610
2854
1853
1028
960
485
1814
1687
4206
2368
207
4973
614
2011
483
2714
4077
1354
1817
2351
441
3128
4310
3259
788
3564
4807
2631
4387
3374
4144
3103
1260
4351
3612
1411
4120
2496
1206
4384
3266
560
246
2556
1461
622
3532
4921
129
643
3911
4925
4853
1896
743
4775
4204
4041
2525
4229
1233
412
3034
2088
213
3647
3969
3792
4125
2178
2260
4405
841
3299
2130
2131
3038
2657
2349
3610
2624
1729
4392
4210
1658
3807
4619
1247
3676
3264
4946
3362
4188
4306
3135
3717
463
4249
3012
2751
3435
929
4126
4153
1598
2547
2785
3404
2524
3958
193
4756
1028
23
Optimal makespan = 5296.44
