Jobs, Machines = 100, 50
Processing times (line n contains processing time for job n for machines 1 to m):
3826
4954
3385
4598
3453
4303
3182
709
2938
4566
1019
4221
329
4079
734
305
303
3397
3525
2357
3987
3459
600
697
380
859
4912
141
1595
1170
4783
3483
1386
3279
1278
1506
864
2282
4107
3969
3396
1924
2270
362
3766
4505
3372
2141
1532
3666
2963
3790
1653
1614
3378
267
1618
4299
2698
2515
4203
4099
2575
4725
791
453
453
3119
1078
432
1820
3348
526
4740
2685
973
4929
3495
1223
10
1837
3790
1938
1348
4500
1544
1669
2383
3058
4875
162
3288
4518
4017
1907
3715
3550
4183
3569
554
Optimal makespan = 5094.62
