Jobs, Machines = 100, 50
Processing times (line n contains processing time for job n for machines 1 to m):
2170
582
1346
636
4549
382
773
3743
3449
3951
4499
3138
3659
4515
1743
4702
4302
3969
797
3516
749
4105
3043
2282
2277
2194
2345
4277
128
365
527
3296
439
4028
3600
3017
790
1685
698
813
147
4802
3882
1474
1839
1788
4012
263
2194
781
3458
196
3421
4594
24
967
3522
1466
2327
4415
1308
2897
2853
1492
3589
1066
4188
4971
876
4247
3072
2076
637
2790
1111
2670
3525
1135
422
3986
853
4255
4973
1946
4543
4709
3235
144
4429
412
3908
4780
4902
4460
563
1508
2129
3783
4940
2001
Optimal makespan = 5080.7
