Jobs, Machines = 100, 50
Processing times (line n contains processing time for job n for machines 1 to m):
3684
3603
4003
2065
2172
2859
3650
1136
3124
4568
305
779
1509
4023
1854
1291
2863
4521
2595
1902
3939
3984
3758
3826
210
2471
3447
803
4307
1194
982
4585
4918
2929
2282
215
3979
4388
2696
1789
3374
3160
3612
1051
2730
77
3386
1350
2827
41
4959
993
3948
1068
2573
4702
2055
1613
2714
1231
270
765
2797
1597
1689
151
3787
2259
126
1797
3192
1960
4011
4700
1520
4548
2499
2186
2265
3626
526
4260
2827
1657
1754
1730
3148
4757
4256
2569
902
2488
2599
2469
4197
3459
2767
1993
3947
803
Optimal makespan = 5110.5
