Jobs, Machines = 100, 50
Processing times (line n contains processing time for job n for machines 1 to m):
3617
4704
164
581
4474
3705
4112
578
399
4666
4003
2073
3090
2535
197
3231
3897
271
491
4896
4695
3493
3770
2256
1901
2603
1548
233
4745
4174
766
1856
4139
2615
3985
757
1177
3440
2033
2282
3680
4375
3612
4385
2252
3827
2365
1642
1335
3041
378
199
3561
2809
3217
93
4992
3161
478
452
2260
975
1624
4536
789
4618
714
2204
4794
3581
2483
2639
325
2790
1612
1664
893
71
3075
455
4892
4272
3166
3988
2353
4495
3128
1333
1844
3566
1672
2708
3158
4792
1295
898
3889
4508
866
1439
Optimal makespan = 5087.4
