Jobs, Machines = 1000, 175
Processing times (line n contains processing time for job n for machines 1 to m):
4272
1221
538
2551
4308
920
1373
3258
2584
3657
4442
4463
2779
3240
1093
1457
392
2872
2299
3517
3117
3776
1350
3897
1177
4280
2998
4860
4033
4387
313
773
1162
1220
258
1729
2449
2989
765
2794
2852
93
4856
1249
1686
2405
932
2628
4578
788
34
3196
1866
1440
4019
4499
3652
48
785
350
2156
4490
845
4719
4751
4733
4373
4406
2045
4924
1841
2309
1836
3639
3628
3288
974
4136
1156
3486
4557
2896
3721
567
4775
374
2759
3734
4141
3036
648
3794
4592
198
2149
3253
1002
170
4126
2331
2239
727
4743
1955
444
107
4583
2896
50
1463
183
1712
4042
2648
3333
234
3961
4566
4182
1695
3948
2525
1849
1844
1208
1101
3950
1723
3884
851
576
2449
3108
289
2678
3040
4258
4142
1653
4572
2094
4970
2913
291
2232
2279
915
266
1994
270
4012
2050
4657
3738
3570
1007
1186
3411
2625
2047
3579
4253
2661
3371
1373
2192
1665
3283
3761
3521
2570
3887
2489
177
2026
12
3947
3233
809
1573
4166
1949
3902
367
2485
648
1520
560
959
4558
1102
3609
1092
4428
4327
4704
764
3646
3935
3949
2476
3473
1659
3483
3938
521
1717
1631
1744
2455
4281
1571
1805
261
4141
1301
812
2233
2710
1971
19
3014
3944
4344
6
1670
1863
3552
3230
939
1271
943
3141
239
2151
909
2871
92
1020
3089
4591
646
105
606
4792
1231
967
1215
1411
2598
4439
1266
4911
3600
1892
1942
3271
3541
4993
4309
4642
3212
2505
3756
4918
2824
4502
435
2276
2898
2825
2933
4816
1995
1811
3036
2492
2011
2152
3969
1177
2244
1149
4705
4827
338
2178
1830
4902
497
970
2908
4820
3267
3184
945
1483
3233
255
4931
3991
3965
3780
938
1718
2128
2378
1066
293
425
2829
1379
4806
2108
1360
2214
3443
1111
2708
2413
3386
2543
344
1563
1526
2641
3924
1827
3008
2891
2885
3268
3589
4331
2875
4721
1867
3145
1886
3585
3765
4722
1557
1661
1568
3441
4331
4211
2211
85
1104
4498
2275
1143
3876
854
999
3246
3929
1469
2263
1501
2292
3980
1401
2455
835
94
3432
4407
683
91
4242
145
1608
1655
1081
4342
2815
4271
797
2341
1056
635
1212
3101
4652
3419
2182
3906
1717
3058
1015
3451
3094
615
1401
4262
2629
4510
1175
2081
4928
1495
1763
2059
3406
2724
2978
1575
3537
1989
1944
2561
83
1799
3986
3331
4111
323
1312
2953
3150
3242
155
2664
536
3768
3997
3421
2940
3792
2914
3865
1640
827
1829
4651
2903
1452
1621
1844
2340
1231
629
2650
3190
1726
794
4639
2637
4015
3928
4858
249
444
156
3459
819
4499
2534
4626
4149
3538
1541
1246
2892
4710
4863
224
1595
4046
3135
3073
3437
4217
2128
45
3189
4577
332
236
1218
2401
4840
391
3377
2436
4664
991
3973
3292
3359
795
3128
3626
4919
500
3164
237
1739
3110
4786
2350
2834
3299
2935
1614
3135
407
553
4051
2998
2081
1205
4468
901
3102
4173
3302
1027
1840
2378
991
120
438
3928
2827
1868
3897
324
4724
840
625
2833
2631
4872
1358
4861
3075
1384
2240
3265
1892
1132
240
219
2768
2693
4246
2716
1453
794
6
2945
274
4803
4941
3125
1736
2525
2794
2340
3242
725
4027
3965
2816
4688
2345
3333
3484
4617
2581
2735
4588
4174
777
3212
65
4107
4970
2930
2466
3868
4128
3104
2850
2314
4163
2252
3394
483
4800
4230
3696
1888
51
3575
3794
3543
1425
4977
2822
3496
3971
2071
389
2612
3425
1714
4577
1467
2835
1025
1549
1070
278
4881
175
4029
467
1296
3323
1428
1014
1965
3564
4698
1857
2649
4648
3023
3494
1659
1935
1564
4532
754
3825
2819
2258
4793
4738
2543
243
3103
330
1240
2801
2885
2350
3885
1951
4177
1094
1717
4776
1774
1474
2267
2401
816
1664
3532
1320
311
1625
923
1953
1447
3194
3380
851
4209
2690
3501
2891
2251
561
3872
4256
1552
686
2810
4999
1530
2711
2592
3371
1866
3430
3070
2363
3913
4519
1202
4896
792
3681
1281
484
2299
4501
2241
2876
1769
3575
3843
4295
2211
1905
2638
1271
1925
304
149
3730
3368
1504
2136
2575
4232
1267
2084
1393
1886
1098
4794
1582
1977
881
138
642
2965
2065
4752
4591
3291
3011
1044
3918
3879
1751
1046
2050
3727
1619
4260
4235
1763
4731
3762
3079
3247
4922
3995
879
4616
320
927
107
1881
3117
2761
3001
544
875
89
3663
2618
336
3147
3712
2283
476
4146
1054
1824
3081
1279
3834
1481
1624
3328
1317
4533
3974
1835
1997
1005
852
3012
1357
231
2546
1485
1462
4515
2673
710
1861
2473
4805
1250
3588
704
772
3634
647
4183
1502
4686
1974
2151
3269
2106
2257
3148
212
1856
4963
1533
3995
4606
4762
2525
674
108
2880
1879
1050
810
1260
4488
1248
4158
2123
2000
4667
895
4695
3877
2391
4704
1631
3013
3526
1693
549
272
2257
3246
1795
2710
3102
2565
2198
317
2862
50
1301
3797
4419
4144
4617
584
535
782
2830
3153
4103
3741
307
39
3647
1913
4912
495
1067
2244
4428
2469
273
1918
3395
1801
1518
169
643
2592
2529
3752
2431
660
2280
1945
4268
2134
3959
4476
1186
734
4747
3519
2809
2650
2261
3823
3608
3588
791
4967
2134
458
4419
4696
2111
4983
2508
868
2543
2848
4605
619
2981
2847
4496
3856
1738
1572
657
2354
1677
1487
3596
2206
2724
2515
17
2478
4089
1908
1370
1187
2613
3164
694
3858
4605
4188
4302
3658
2010
3662
1834
1481
3559
2325
3305
1361
1761
2394
2244
2518
4230
226
4318
782
1519
1566
3298
2618
4777
1657
3138
598
3293
1634
2434
3207
1968
3428
1148
2443
1591
154
3540
3799
210
2097
3255
4318
1404
609
1021
1607
4305
3586
2079
Optimal makespan = 14222.108571428571
