Jobs, Machines = 150, 75
Processing times (line n contains processing time for job n for machines 1 to m):
287
2926
535
3515
3977
1107
3325
4668
1000
351
729
1345
4056
1303
1589
242
1593
247
599
4782
1312
1812
850
4190
978
553
454
1395
32
4894
1297
2204
2446
1519
1211
111
152
206
802
4659
4330
1605
4573
1523
3469
4405
138
83
1526
3789
107
1997
68
4060
522
1803
449
4657
4220
559
626
951
3179
3344
4901
1270
1251
825
4151
4090
1853
3984
4595
3036
2722
4390
543
4325
987
2212
2896
172
4132
4584
2089
2423
1680
4324
3030
1013
1791
2152
409
2291
1435
2197
3042
1113
1694
2564
4348
2164
3600
1944
2982
4197
2009
3461
1494
2642
863
3623
560
3740
2933
4165
1001
1687
1658
1087
3574
384
3723
2489
1590
3405
2396
375
1994
869
3313
4144
2488
3777
3092
1601
907
1262
1483
3895
290
3604
1614
4355
1249
2143
4991
3941
1724
3922
Optimal makespan = 4991
