Jobs, Machines = 200, 100
Processing times (line n contains processing time for job n for machines 1 to m):
2884
4918
1739
2056
860
1572
814
361
3679
2533
3488
623
546
2347
1812
2616
4281
4479
2600
803
2806
3044
483
23
2908
2735
3498
1175
4389
148
690
2943
1851
2239
441
4075
2968
974
1192
1718
461
3676
4909
398
1115
2205
1702
4167
4354
3118
4028
4757
2769
4284
2921
3430
3551
3642
159
2142
99
1325
9
4120
4765
2779
1669
4427
2606
1882
1138
2718
3817
3137
1176
3576
4542
653
4399
1625
1404
3215
245
4209
2309
1657
2459
3190
1714
1887
2237
1856
1022
4128
4578
1120
3452
599
795
4849
3628
508
490
2837
4356
829
465
2490
50
832
2438
1017
3983
2857
2778
2945
1565
3153
451
2928
1131
1243
870
3402
1148
4080
3390
385
3592
379
2447
3165
2200
4580
2710
339
1634
4674
2144
96
2796
257
2001
3801
1350
4044
435
4871
3867
1006
29
330
767
2412
2947
96
2227
3534
1017
327
193
2768
2148
3872
2193
433
987
1798
1285
1237
4988
3670
4138
1642
1373
1079
4402
3907
1843
4132
1383
3638
3868
3460
1964
1997
909
4390
1989
615
872
1507
2198
811
3002
2990
3001
360
2591
1397
Optimal makespan = 4988
