Jobs, Machines = 150, 75
Processing times (line n contains processing time for job n for machines 1 to m):
1927
3337
692
2897
3096
776
2120
2734
3186
4920
563
4827
2540
4476
1609
4595
1770
2609
1757
2851
4675
4847
4320
3282
949
1126
1616
162
284
3988
3198
3531
3001
2373
3798
1623
4325
4845
928
3163
1844
3298
4091
3925
669
1868
2979
1980
1866
3552
2705
697
485
2768
2233
3227
3965
2720
1159
2183
4827
4762
4275
1331
3699
4553
4493
4365
3641
3470
2279
1688
1180
213
3346
206
4650
3657
734
3583
3298
3688
3153
4274
3244
355
2031
4771
264
3273
2777
1787
4012
566
1431
2334
748
4344
4821
137
2546
4079
3215
3635
3514
1186
287
1804
823
4515
370
1220
4893
2874
4895
381
3189
855
711
1148
202
3676
3823
3967
776
1982
3783
4321
4331
1479
2550
2311
4295
1069
431
4964
3514
2771
368
1814
4337
916
4134
4607
1175
2067
1001
4981
2841
3629
Optimal makespan = 5307.266666666666
