Jobs, Machines = 150, 75
Processing times (line n contains processing time for job n for machines 1 to m):
3830
2694
2205
2716
3272
4727
222
2066
750
1048
417
2367
2827
144
197
4970
1064
1830
20
4909
718
3005
1182
1360
4199
4921
3955
4098
2646
3995
4428
3379
3522
3382
2602
2467
4631
1949
3336
67
2987
4326
4488
1780
281
1510
957
3506
1385
2381
2137
4479
1826
4333
1268
4178
2367
4760
2787
3931
4625
4558
2651
2977
1797
2845
3492
2589
4023
961
330
3697
853
1583
1703
1039
4179
2792
2013
1627
467
4979
2730
4900
3814
1645
2513
124
1004
2083
3874
216
2559
4925
649
1384
1771
3788
1196
318
109
3280
3670
3149
1988
28
4478
1962
3285
3578
3957
725
831
2780
2674
1768
4457
3206
1018
260
1649
181
561
4930
3946
3653
38
1820
4076
2332
4681
2272
672
1404
3310
2532
1298
2813
49
2905
3364
2475
4421
395
4131
1580
803
1989
2115
2578
Optimal makespan = 4979
