Jobs, Machines = 100, 10
Processing times (line n contains processing time for job n for machines 1 to m):
669
780
526
152
87
925
504
929
966
235
908
988
251
164
484
866
740
802
262
242
17
140
55
431
299
702
174
464
823
973
960
552
741
791
328
40
904
576
789
35
428
463
725
459
577
956
832
66
614
83
391
922
983
912
224
726
155
129
859
637
551
543
889
562
266
472
512
18
874
843
119
282
730
224
267
142
962
886
431
700
249
781
661
204
683
522
785
791
141
285
708
568
945
236
639
799
190
124
929
202
Optimal makespan = 5313.0
