Jobs, Machines = 200, 100
Processing times (line n contains processing time for job n for machines 1 to m):
427
4521
3255
4989
3725
225
1947
2364
4514
4039
3472
4176
2020
3369
4414
4554
1468
2245
4301
261
4923
288
889
3406
4999
3308
2837
2911
4235
4536
4490
2529
637
3260
3420
2377
4358
4744
4403
4036
2107
3811
1798
2719
3880
4367
1765
3462
4264
1123
2411
4507
1168
4210
3897
1780
1542
4784
3383
4137
649
2700
2096
2888
3259
1649
2770
4033
3966
4659
3994
4154
4161
3754
3263
1635
463
1392
2641
1632
985
590
188
4323
2905
204
2204
2176
1060
4740
1175
1459
1226
3155
3089
394
3940
3970
1627
4493
564
4914
2267
2642
65
3693
921
3809
4737
3073
1507
2482
2219
4697
3924
1231
1520
1
4161
2850
1097
3479
4729
543
1843
2060
339
628
3493
525
784
4597
4255
1605
3235
922
1031
4600
1499
4385
389
4566
457
2750
4204
652
3985
2012
2461
2035
2590
4252
963
1795
3525
928
4939
333
4657
4924
4583
648
3132
2561
3723
4788
3329
4781
1847
2978
3444
417
4618
4640
103
2993
1277
1115
4511
2979
2188
3630
2062
3245
2131
799
1510
3220
4102
4826
4107
195
2472
3335
326
1524
3191
956
4744
2319
Optimal makespan = 5463.4
