Jobs, Machines = 150, 75
Processing times (line n contains processing time for job n for machines 1 to m):
2131
3608
3880
3329
3329
1321
3261
2304
1787
3877
649
1925
4113
4918
4929
2255
272
4499
1157
2918
4686
143
1738
3114
4454
1882
4913
4853
1635
2663
2465
3344
991
3299
1544
3052
2615
3568
357
2514
773
998
1596
3110
456
910
468
2795
538
2589
2262
2627
934
3633
3022
4760
812
478
4059
2947
2223
858
4671
88
3750
832
3558
4037
3990
2346
2799
2499
4116
1333
2440
1795
4878
3278
2058
136
1187
71
848
2345
3431
714
2685
2490
3888
3655
2261
2960
2290
2371
3206
2810
518
3476
3166
2064
1457
1030
2338
644
4820
3003
1229
4045
2805
547
4992
1251
1582
2552
478
3165
4970
4954
3221
3695
2747
3802
994
1381
502
4967
1282
4506
3043
872
1248
1900
377
262
3903
4193
3091
1757
694
2097
3118
2388
219
4897
4291
4483
3910
517
4800
700
Optimal makespan = 4992
