Jobs, Machines = 150, 75
Processing times (line n contains processing time for job n for machines 1 to m):
3024
3799
3078
4503
3152
2681
2770
2936
4518
985
3582
689
2885
2054
1075
3072
1129
3099
317
2162
3853
526
1912
1376
1539
2210
3878
287
3736
3462
365
2855
3409
478
3960
2053
2123
239
3127
2699
1688
778
4252
95
1414
221
2798
1664
528
2900
703
2503
432
2122
2256
474
2780
990
2742
3854
4281
4559
3257
476
2620
4517
2331
2220
1808
4037
1210
940
1996
1316
1784
1458
2041
79
153
4479
4176
2944
2777
1535
106
1530
3545
2989
492
4144
905
4523
1743
98
2863
611
2713
1832
2010
3390
821
3197
2667
3486
3047
1031
2042
2203
1296
525
3840
1567
3317
3079
1886
2789
4259
108
2580
3400
441
4710
3460
546
2855
4811
804
4499
525
558
2827
2797
184
354
1834
1628
3175
3372
764
2546
2230
3805
4771
114
3167
2591
3912
4372
4591
4485
Optimal makespan = 4811
