Jobs, Machines = 500, 125
Processing times (line n contains processing time for job n for machines 1 to m):
339
75
2791
867
154
749
4027
923
1987
1463
2278
4046
1866
4940
3893
3233
2964
1428
1014
76
4098
2707
2461
12
845
2851
2422
488
3556
390
3963
345
3286
4633
4722
4526
328
3976
3708
2311
1268
500
3536
855
468
1905
2552
366
3902
191
2783
1798
2646
1242
245
3940
1106
3741
4412
2702
3888
1414
3388
1562
3522
3729
1051
1334
2288
2020
3130
4147
2040
3876
789
1189
3005
1004
191
773
1116
2542
1529
3412
1452
516
4625
3870
4234
497
3523
2515
4554
3563
413
2329
503
3562
4201
1386
3548
4144
2672
561
452
2181
2418
1614
1463
4981
2080
2225
1745
3688
4186
1767
2171
1326
3007
2016
3891
2569
2919
534
4482
3007
3878
1888
2528
4713
3246
4271
501
1862
2349
1959
2925
2743
3836
3282
1121
2377
1683
2676
1307
3604
4074
2993
3730
4797
1097
3263
3169
1253
4509
2576
3361
2190
2471
2443
3936
1680
3791
3038
124
2581
3026
936
3248
2224
204
226
2233
3488
2762
3769
973
2473
4498
1753
535
3991
1468
1660
4446
2649
65
399
1049
3254
1053
4309
4310
124
944
3010
1007
2483
1597
3723
4613
553
2113
3998
4704
4592
4696
3176
4225
4240
2781
2699
3474
2179
3918
2647
642
555
4891
1600
2586
2616
3519
4866
480
3137
2592
1219
3623
1621
4342
4908
1351
4781
679
3962
1313
4679
2984
569
4503
3564
504
536
2678
1468
877
3541
2792
3153
731
2623
1884
3551
1908
821
1278
2058
1315
1073
3897
3766
2724
3133
4474
4154
4655
356
4816
325
2173
4888
3628
1880
1885
4854
3294
1917
1712
3702
3522
997
2417
779
4876
1834
3247
907
1482
2785
1506
602
4593
4197
2649
2476
4750
212
4172
37
1466
4251
3903
3482
2260
4591
4921
4683
2040
3694
530
2528
2218
1057
4272
806
2229
4589
3225
931
2103
4218
4496
2755
2864
1378
4158
4010
3944
3086
4439
4352
4398
2128
2487
1803
1013
3658
1903
2121
3343
2445
3441
3067
4404
1261
4480
4525
3023
2011
2545
147
4550
4441
4170
1309
3433
346
3675
937
2246
4440
680
932
704
2359
149
1669
4012
3074
3762
4455
1305
4441
4219
491
3239
2239
2762
4832
2373
3244
3950
1561
1671
629
1727
528
4945
3401
97
3388
3808
1839
4886
1348
3228
2296
2364
1702
1144
2200
1059
3434
2069
861
3040
3522
3097
2236
1919
2914
1564
4450
4920
224
13
693
3829
4243
2500
499
4483
4985
3955
1587
3274
2749
2504
386
3459
1488
3543
1504
4582
54
3561
1513
1542
4449
3692
3207
3374
4836
3789
4240
4518
1815
2452
675
253
2056
4797
2207
3163
1630
2616
1356
2855
3669
1685
90
306
2643
2851
2741
2525
2738
3834
1235
3325
3727
2722
4838
4360
3446
1202
1490
3026
1594
4472
2650
4095
2886
4221
3827
1089
3611
4306
1522
4802
688
2991
4527
3114
1277
3475
3909
2671
1180
Optimal makespan = 10325.384
