Jobs, Machines = 200, 100
Processing times (line n contains processing time for job n for machines 1 to m):
2470
3461
238
4533
1717
1018
4617
4680
2513
4618
3896
3468
2477
2860
4330
2351
1185
1906
4700
1575
3092
4496
1712
3112
1954
1184
1174
233
1906
4770
2937
371
2070
3488
1556
3599
1175
3788
1976
4522
601
3808
1699
650
4301
4203
1080
2643
2862
4144
2884
270
2592
3116
52
97
4512
686
1899
3276
4523
1494
629
4942
1432
1929
4566
631
1312
2342
775
4215
4547
1384
1325
1924
4116
2497
4017
2311
2955
918
4678
4622
3657
2883
2224
3252
3977
3725
3702
4243
2234
3489
200
3135
2641
4924
918
1690
3135
291
854
2601
2110
4428
1879
4653
4334
1025
4557
4400
288
1485
1847
1116
3581
1035
1806
2435
3638
1177
3079
3313
3362
1103
2950
3800
3846
4453
2106
1249
2428
20
2334
2229
4707
4047
2956
3097
3581
4840
481
4395
910
2912
3340
3488
624
1645
2214
2278
2044
3325
633
2401
1254
2766
2414
3879
4294
1684
3819
2396
2340
3262
2578
2070
217
1968
2009
2961
1494
713
3775
1855
4062
3221
872
3601
4100
46
2444
2300
3252
3583
1630
4399
4074
369
2704
2492
1633
463
4080
4131
2398
4995
4314
3439
Optimal makespan = 5232.96
