Jobs, Machines = 200, 100
Processing times (line n contains processing time for job n for machines 1 to m):
1946
3776
4024
1294
333
584
4947
3865
689
3886
2686
4997
141
1867
1256
3154
1116
409
2553
4754
1351
4780
1395
4339
3777
3152
3096
3996
3162
442
4909
3215
3336
336
497
1308
1760
134
4324
1724
3401
276
1946
4982
935
4606
3211
4400
2159
4257
1453
265
930
386
992
3946
419
20
4321
3157
1843
444
494
841
1063
1960
120
3959
3872
2805
2917
3205
2234
2370
1789
4187
631
3733
363
4464
3519
3717
2891
4079
1686
932
2514
2567
3945
1778
315
3650
1125
4041
806
4700
1630
2301
3251
3710
2006
1752
2059
4161
3958
1580
4237
507
3619
3205
1773
1443
1181
4440
530
242
3030
3919
4547
3732
1428
4051
3578
2668
2547
4532
4112
1057
3225
2604
788
819
4682
2979
4608
4590
115
1210
2066
4480
850
3533
4727
4556
1750
2860
2783
1266
4818
4188
3751
4349
979
4855
386
2983
3018
3035
2163
368
4144
4062
4156
1764
2645
2362
2332
980
2754
3499
3181
890
3542
2298
1785
2010
3318
1
1288
4945
3712
4303
3762
2755
4675
3904
2540
4235
1585
2943
4353
1826
3705
3742
4980
1615
2453
3457
2242
1802
Optimal makespan = 5236.46
