Jobs, Machines = 150, 75
Processing times (line n contains processing time for job n for machines 1 to m):
2523
4368
1429
3916
1608
3235
3191
553
475
1819
2812
1809
2814
3815
3263
4714
3942
4872
4582
1031
3726
4044
1979
3610
1739
1854
1876
479
3951
2028
3847
3916
3347
2308
3474
44
145
787
4176
2011
968
4684
4215
1438
3502
2567
1728
3919
3362
3535
3935
583
2026
1717
3607
4613
4636
265
263
539
4947
3151
3211
4331
2466
726
4370
2131
3901
981
3196
159
1673
3860
1269
817
3851
4391
4874
2712
2613
2273
3919
4050
1226
4764
3559
3307
4312
3319
778
1209
2873
2491
1360
1180
1406
1739
2930
4589
3642
2712
1782
1270
195
656
2423
1625
818
2433
4283
1574
4165
1290
1167
2150
4388
3532
362
152
3486
2146
2435
2135
2734
342
3541
1838
2764
4664
3650
2282
52
4709
4901
1962
3403
3312
2006
4092
1387
3140
171
1448
97
720
3059
4222
200
823
Optimal makespan = 5086.24
