Jobs, Machines = 150, 75
Processing times (line n contains processing time for job n for machines 1 to m):
3492
2802
1198
572
3972
2145
4181
2948
2800
3051
121
4408
3784
580
2276
3047
2661
4598
2106
1039
933
3798
331
2469
2538
3145
478
3657
331
2135
4851
3217
1012
3701
2067
3677
3586
1600
141
2354
746
1701
3619
629
3015
1656
1965
534
2999
462
374
3282
3472
1129
3625
4836
102
4122
4118
1921
1097
4651
2513
1669
1891
122
2080
4119
4750
4319
710
3857
3555
1804
809
2494
4956
165
195
2533
409
4962
4506
3307
427
4581
2935
2207
1725
4431
2682
4708
1939
3405
2438
1202
3419
1006
3711
542
3385
406
742
1352
784
2876
1834
3890
2012
4721
4083
199
2138
1976
215
1717
593
4709
4357
90
1752
2699
1124
1655
1153
1195
2940
583
2816
4640
3616
3444
1945
2249
4107
1398
877
3040
870
1564
2983
105
2386
4459
341
1660
4226
3071
1287
1574
Optimal makespan = 4962
