Jobs, Machines = 150, 75
Processing times (line n contains processing time for job n for machines 1 to m):
319
2192
2935
256
1176
1971
4862
1161
1925
1882
3326
2976
501
4264
4949
4401
2158
4659
982
4645
2698
3233
4400
3179
2007
1756
1458
4701
4901
873
236
2677
262
4119
3057
172
4699
3902
3019
1682
15
1492
934
307
3636
783
328
1727
4880
2575
1101
2649
3247
884
4790
4878
3119
2614
4159
4164
2563
301
3776
2478
252
2500
3772
2128
161
3936
4614
4005
3796
148
3750
4035
2744
1554
2263
3064
1689
584
2195
1343
3612
1455
2104
1860
730
841
385
4369
1252
3224
3354
4149
2391
4766
2369
435
3805
641
21
2660
3905
4527
4465
4597
4290
2279
1894
2945
4740
4663
3986
1133
915
3081
2891
833
3811
90
376
4122
3334
2033
1432
2099
3214
353
454
295
2620
1210
2809
3902
1886
3427
83
790
896
310
1344
1504
1274
2005
4765
629
2557
1512
Optimal makespan = 4949
