Jobs, Machines = 200, 100
Processing times (line n contains processing time for job n for machines 1 to m):
3371
4372
1145
2886
1727
2291
4675
2313
3737
914
646
3775
3723
4085
588
952
4261
2117
962
1476
842
1863
2902
1661
3598
2625
394
2766
1163
2811
2510
4624
3644
4996
3507
157
1302
4620
3947
3000
2970
3358
4887
836
3893
612
3926
2922
2852
1319
1932
2849
2485
3036
4211
943
797
1906
3342
2886
3126
3791
2868
105
3022
1104
3336
2383
3724
2484
4068
1425
4460
3760
597
2452
1394
2037
4710
1398
783
101
4738
548
533
209
4323
3877
3187
4102
3677
4093
4071
1111
1560
3352
4944
3943
1127
2910
1203
3793
1057
4791
47
1974
2634
4607
1132
2424
613
3276
1824
1787
3012
2076
1944
4372
3322
1212
4689
3756
2878
2070
2520
1351
3555
4163
1981
319
2919
651
1040
4866
1699
3631
603
1474
1402
4428
1343
3066
2372
3562
2071
1892
2411
3947
2161
3231
568
2622
4728
4110
2787
4346
4015
4437
1616
3982
3155
4168
3161
3101
1458
1106
1354
2109
596
4035
2877
1683
841
3279
1915
1389
3326
4496
3960
3198
3567
2887
4517
4292
4437
812
2126
4518
2641
2873
3187
211
3685
1851
3457
321
2006
3879
2519
2914
Optimal makespan = 5246.12
