Jobs, Machines = 200, 50
Processing times (line n contains processing time for job n for machines 1 to m):
29
12
14
24
87
29
33
70
12
92
36
98
34
6
17
12
55
47
43
62
46
80
55
77
64
40
23
72
40
8
64
21
35
44
79
85
75
65
60
64
66
83
7
26
87
16
96
86
27
1
91
39
31
50
10
88
18
75
26
90
96
11
14
66
47
60
13
21
76
43
10
17
23
13
29
68
56
49
31
62
33
74
78
50
60
58
56
60
60
55
46
8
85
8
33
94
18
13
15
31
14
98
37
12
79
97
64
98
73
31
30
23
21
86
2
81
51
17
19
32
13
67
36
31
5
94
16
8
49
66
13
33
49
20
52
37
86
82
37
98
79
17
33
19
26
45
74
59
47
74
83
62
76
46
45
13
74
84
50
43
15
55
7
29
79
42
89
16
22
65
57
99
71
14
21
81
11
38
33
13
82
42
48
81
71
39
47
3
94
70
33
65
6
61
71
90
41
93
58
35
Optimal makespan = 192.0
