Jobs, Machines = 150, 75
Processing times (line n contains processing time for job n for machines 1 to m):
4311
3865
1341
4533
4214
3413
2664
1737
4065
280
3893
3024
2813
298
2126
1686
4912
3683
652
2782
2596
2127
1368
35
4817
4010
4981
3107
4750
4690
4999
3665
3936
1701
4438
2047
2128
3886
859
4272
1531
646
1479
4250
4512
1501
3773
1609
4107
4487
3259
1788
4197
1897
1874
86
4945
1321
2519
2907
3333
845
1431
257
3519
1387
3198
1373
3827
2426
2328
3076
3420
1577
2921
642
1182
4191
2589
4831
2291
1115
1901
2216
3304
3519
3228
1490
1283
4172
4984
2396
1853
1341
2187
2938
360
320
3785
4811
1728
4681
1124
3257
3042
1993
4987
871
1593
2379
90
887
3845
2230
4308
4486
2320
2823
4292
2021
78
2527
1585
1562
4164
682
1233
3960
3634
2095
2406
3109
2885
3489
2543
2979
4115
973
732
3371
4585
3427
1524
4064
209
4811
3072
1470
4251
4508
Optimal makespan = 5389.8533333333335
