Jobs, Machines = 100, 10
Processing times (line n contains processing time for job n for machines 1 to m):
427
686
425
502
183
757
883
909
454
902
639
893
178
659
549
653
225
851
484
923
391
316
418
967
869
400
605
80
329
996
297
318
191
458
444
197
205
261
317
827
288
198
680
889
334
162
334
903
236
789
942
998
832
693
863
139
440
739
868
394
273
67
481
186
637
696
188
348
329
550
262
516
195
648
307
964
59
739
774
671
808
50
271
741
423
390
168
99
363
823
971
411
781
144
683
144
114
612
204
825
Optimal makespan = 5071.0
