Jobs, Machines = 100, 50
Processing times (line n contains processing time for job n for machines 1 to m):
2880
2981
4299
2285
1693
1360
1037
2349
4756
1840
2964
1564
140
444
2882
4746
1289
1794
603
4693
2956
4950
4161
267
2909
216
3348
1254
317
1432
4979
214
4275
2474
1787
3025
1773
1594
3118
2636
4694
2248
539
3115
3276
3626
2005
879
4597
1296
3215
3203
4300
1880
1432
4174
407
2042
2018
1216
3234
2145
405
907
732
172
3635
2006
847
3827
286
3911
1404
3694
4825
94
4931
1536
151
3893
4778
3595
1343
1867
255
1796
643
2696
1748
3463
4198
3389
2271
4303
4425
4296
4993
3126
3253
2203
Optimal makespan = 4993
