Jobs, Machines = 100, 50
Processing times (line n contains processing time for job n for machines 1 to m):
2668
1293
2455
3834
4843
1233
472
2540
4088
261
4567
1657
2150
1769
232
580
1744
3246
3452
3232
778
28
219
1836
2035
4354
3965
4424
1931
2094
2079
1602
3130
588
2830
3001
1706
4736
1302
2574
324
2110
4427
1466
605
3594
4431
2227
1681
486
258
2188
2021
3954
4484
4962
4109
2537
3474
376
1956
3688
4050
4491
821
3903
3286
1589
4420
3385
2042
4708
3635
1084
1786
1101
3948
1826
3054
3264
517
1868
4448
2745
4220
3506
4893
3879
867
1404
578
1571
2817
2011
4017
156
3500
4676
1044
4860
Optimal makespan = 5057.12
