Jobs, Machines = 100, 50
Processing times (line n contains processing time for job n for machines 1 to m):
555
3253
3520
604
2114
4168
1831
1514
792
3
3914
3402
4483
3035
3946
4816
4072
3781
341
4298
759
1034
2710
2262
3721
3379
4140
3510
538
1239
985
1854
3604
2877
3200
36
2669
3116
1835
2324
200
2393
208
2500
1449
4306
3097
4030
620
1051
3166
4080
4289
1884
3034
1703
3715
3773
1853
3026
2404
4772
3056
3770
1386
2670
1428
3654
4577
473
3805
3625
3776
4528
2666
2275
80
345
4589
1573
4779
3182
2046
552
4064
653
1937
4613
662
1313
910
3222
5000
1145
3006
2587
834
4758
1184
605
Optimal makespan = 5062.3
