Jobs, Machines = 150, 75
Processing times (line n contains processing time for job n for machines 1 to m):
4548
1365
2034
2410
2182
2185
3776
2097
4925
4212
459
4764
621
4366
1086
3427
3603
271
4446
778
4660
3894
2876
4507
1895
3082
1766
3454
2543
3948
3856
1501
4444
492
576
599
3093
2734
2582
2077
736
2608
1419
2990
4519
4296
3196
1401
1242
3366
4547
1575
4055
4520
3719
2400
3233
4938
2056
1418
2019
4839
4924
4401
1930
207
119
4858
952
4853
1720
789
3321
4195
1251
4864
1437
1670
4931
2708
2223
4024
3983
4776
912
1172
382
3448
3628
29
3242
1186
3566
3011
4551
1544
4948
2825
2467
2858
1966
3223
2765
2525
562
2468
798
2241
3773
1991
3496
1305
4897
3536
3370
4302
643
3614
4099
1032
1224
2103
2878
2059
2685
4900
3344
3922
3399
2868
2452
253
1349
4855
2857
2501
1146
124
4269
4451
4932
1638
4475
1310
2916
175
4058
2509
3066
2227
Optimal makespan = 5475.76
