Jobs, Machines = 200, 100
Processing times (line n contains processing time for job n for machines 1 to m):
383
4445
502
1788
1150
4674
4533
3835
2290
3833
1654
3490
3037
957
239
3260
2521
4043
3550
831
2941
1037
3769
2178
4025
2788
396
3348
3210
960
2409
3726
444
2107
3490
3790
2782
3565
2231
4531
2821
2294
2404
2235
4737
843
2489
2193
389
3824
4358
3061
4485
3580
329
1985
4098
4387
3444
2254
3528
1651
2448
4337
4327
414
4451
3439
2218
2731
2355
2737
3282
291
145
997
1707
1228
4956
929
3795
3493
2946
2925
3672
1747
1978
4950
1492
3423
1357
1420
2858
3139
3175
4054
2518
886
2315
4340
23
3870
3586
2521
1561
3431
1490
1160
2987
1
4782
4130
2672
699
4753
1580
1068
1570
2021
2170
44
2902
4402
3546
4093
2994
3336
1273
4923
4395
4938
4472
3012
2532
779
3140
2786
4382
1723
4387
3215
524
2402
739
2997
711
1008
4716
3190
3376
4920
3613
1750
3671
4619
2174
3715
4250
4182
2207
349
83
1226
3241
307
937
4274
2479
3715
1962
2968
3749
1939
264
2468
4338
689
1578
4336
1941
2577
836
540
3335
469
1033
2634
2767
209
1358
3959
4037
2024
4693
116
1340
3753
1030
2203
900
Optimal makespan = 5163.75
