Jobs, Machines = 100, 50
Processing times (line n contains processing time for job n for machines 1 to m):
4918
1457
1986
1127
2011
2990
3474
4792
1652
2265
1183
3055
3815
2780
1398
2573
2065
1981
2931
1101
2900
2196
2868
1949
4498
4540
2229
2375
4265
1377
120
4828
3502
4944
4917
3056
3741
3496
4977
2797
1739
3399
25
1638
4558
2583
1738
4836
1767
2618
3864
4017
4820
4061
1879
3691
1660
3362
4765
4003
385
537
2724
2945
3719
3653
3233
4100
2013
1832
2801
1157
1948
2670
2186
4086
875
4783
2866
1100
2913
1227
3513
4861
2342
3577
958
152
3366
74
1317
2858
2055
3692
1762
1719
4410
3932
2886
4105
Optimal makespan = 5549.68
