Jobs, Machines = 500, 50
Processing times (line n contains processing time for job n for machines 1 to m):
29
12
14
24
87
29
33
70
12
92
36
98
34
6
17
12
55
47
43
62
46
80
55
77
64
40
23
72
40
8
64
21
35
44
79
85
75
65
60
64
66
83
7
26
87
16
96
86
27
1
91
39
31
50
10
88
18
75
26
90
96
11
14
66
47
60
13
21
76
43
10
17
23
13
29
68
56
49
31
62
33
74
78
50
60
58
56
60
60
55
46
8
85
8
33
94
18
13
15
31
14
98
37
12
79
97
64
98
73
31
30
23
21
86
2
81
51
17
19
32
13
67
36
31
5
94
16
8
49
66
13
33
49
20
52
37
86
82
37
98
79
17
33
19
26
45
74
59
47
74
83
62
76
46
45
13
74
84
50
43
15
55
7
29
79
42
89
16
22
65
57
99
71
14
21
81
11
38
33
13
82
42
48
81
71
39
47
3
94
70
33
65
6
61
71
90
41
93
58
35
14
18
46
68
78
81
34
55
41
59
78
74
16
50
30
39
55
17
75
64
76
43
64
75
73
89
88
24
14
89
54
13
38
83
93
75
47
98
6
3
87
99
99
72
98
33
4
68
15
81
13
29
5
90
82
74
91
57
69
89
42
11
16
82
25
13
22
65
8
28
13
79
73
40
54
84
73
55
15
41
14
50
64
99
29
40
25
78
30
9
36
62
13
21
50
60
44
50
94
27
32
26
21
74
17
12
15
13
49
80
68
6
64
77
22
67
66
3
25
95
96
9
29
54
82
51
44
66
99
84
86
42
13
1
29
73
86
35
59
88
23
16
38
8
19
99
36
7
37
43
85
25
67
6
84
33
4
23
70
34
57
61
28
25
17
92
79
90
32
24
61
52
13
69
29
86
61
39
25
57
26
36
60
92
55
63
94
91
46
86
30
57
10
61
95
46
86
1
10
86
54
11
10
65
81
57
76
45
40
82
89
38
84
48
77
11
59
67
43
6
7
30
79
19
91
95
4
56
34
44
2
47
33
67
76
39
42
48
78
71
76
75
51
35
64
52
75
38
54
50
72
16
68
73
41
87
93
87
70
89
79
44
41
22
76
25
64
51
98
79
5
94
54
70
18
59
90
71
27
95
83
14
32
86
36
27
68
27
74
67
58
25
76
32
61
4
52
38
96
98
Optimal makespan = 501.0
