Jobs, Machines = 100, 75
Processing times (line n contains processing time for job n for machines 1 to m):
4272
1221
538
2551
4308
920
1373
3258
2584
3657
4442
4463
2779
3240
1093
1457
392
2872
2299
3517
3117
3776
1350
3897
1177
4280
2998
4860
4033
4387
313
773
1162
1220
258
1729
2449
2989
765
2794
2852
93
4856
1249
1686
2405
932
2628
4578
788
34
3196
1866
1440
4019
4499
3652
48
785
350
2156
4490
845
4719
4751
4733
4373
4406
2045
4924
1841
2309
1836
3639
3628
3288
974
4136
1156
3486
4557
2896
3721
567
4775
374
2759
3734
4141
3036
648
3794
4592
198
2149
3253
1002
170
4126
2331
Optimal makespan = 3441.0266666666666
