Jobs, Machines = 100, 75
Processing times (line n contains processing time for job n for machines 1 to m):
339
75
2791
867
154
749
4027
923
1987
1463
2278
4046
1866
4940
3893
3233
2964
1428
1014
76
4098
2707
2461
12
845
2851
2422
488
3556
390
3963
345
3286
4633
4722
4526
328
3976
3708
2311
1268
500
3536
855
468
1905
2552
366
3902
191
2783
1798
2646
1242
245
3940
1106
3741
4412
2702
3888
1414
3388
1562
3522
3729
1051
1334
2288
2020
3130
4147
2040
3876
789
1189
3005
1004
191
773
1116
2542
1529
3412
1452
516
4625
3870
4234
497
3523
2515
4554
3563
413
2329
503
3562
4201
1386
Optimal makespan = 3007.7466666666664
