Jobs, Machines = 100, 50
Processing times (line n contains processing time for job n for machines 1 to m):
1711
3947
211
1886
495
1829
4966
4739
157
4598
914
1170
985
1531
3733
1833
4439
1502
4978
4754
2558
3372
199
655
1342
4899
4728
2127
399
1872
2057
84
1135
1347
4923
2732
2773
3959
4312
2048
523
4823
4737
3834
4867
2845
2654
1569
119
3253
3827
296
2543
3073
3024
3552
3940
4707
4425
3130
1389
4415
1199
3309
2187
1225
1916
884
4037
2123
4258
3800
4560
2414
2447
376
3267
1517
4348
3130
4167
4795
4702
4234
2059
904
4370
4361
4253
1996
666
1191
49
3790
2897
1239
1811
4680
160
951
Optimal makespan = 5314.32
