Jobs, Machines = 100, 50
Processing times (line n contains processing time for job n for machines 1 to m):
4219
4139
711
1437
382
2639
4693
1594
3553
4252
1153
3491
3517
4851
2780
2211
46
1360
610
4402
2917
2210
3039
2416
1173
2606
4235
2858
3693
1642
3031
3378
3789
4448
854
627
4749
2577
4893
1398
60
4013
901
2873
1566
4782
1948
3970
4784
2003
3874
3227
2865
947
593
2785
3044
4794
1857
3263
2043
3142
3776
1781
4334
2470
3144
96
4454
4400
483
3051
2628
1684
4035
2820
2309
2063
4273
3319
2030
4960
2116
1512
1427
2871
4658
3562
1553
2779
77
4895
4869
3571
21
3222
71
1254
1204
2626
Optimal makespan = 5366.1
