Jobs, Machines = 100, 10
Processing times (line n contains processing time for job n for machines 1 to m):
972
415
644
893
545
608
958
726
164
581
378
633
16
578
399
310
570
887
457
216
815
265
182
909
931
381
25
269
18
487
197
111
639
159
825
271
491
37
800
599
421
698
190
208
402
519
877
555
524
233
649
50
78
892
716
766
832
43
567
913
757
506
153
368
234
608
320
99
279
616
540
289
913
204
699
755
317
618
311
993
378
199
161
489
761
145
316
487
93
896
312
89
6
764
82
478
464
452
568
573
Optimal makespan = 4679.0
