Jobs, Machines = 200, 100
Processing times (line n contains processing time for job n for machines 1 to m):
4219
4139
711
1437
382
2639
4693
1594
3553
4252
1153
3491
3517
4851
2780
2211
46
1360
610
4402
2917
2210
3039
2416
1173
2606
4235
2858
3693
1642
3031
3378
3789
4448
854
627
4749
2577
4893
1398
60
4013
901
2873
1566
4782
1948
3970
4784
2003
3874
3227
2865
947
593
2785
3044
4794
1857
3263
2043
3142
3776
1781
4334
2470
3144
96
4454
4400
483
3051
2628
1684
4035
2820
2309
2063
4273
3319
2030
4960
2116
1512
1427
2871
4658
3562
1553
2779
77
4895
4869
3571
21
3222
71
1254
1204
2626
1923
1914
2153
3913
2648
3452
1680
3559
4504
372
4455
2351
2249
4735
3915
2618
2090
1770
4136
4010
1020
1194
4075
526
3780
3
268
82
2202
898
3690
1936
620
3484
724
3127
338
2812
2534
133
2574
2831
2040
2761
2129
198
4656
3802
1526
1073
3434
4209
2891
3509
4449
1628
2823
1287
3607
3205
684
379
4575
1387
3864
1804
3088
1168
2521
1753
979
162
831
2777
3461
4764
3577
1120
3126
1910
2860
1631
3630
3284
3704
3837
1600
4419
3318
3825
908
120
4810
3938
1092
270
538
533
2737
4924
Optimal makespan = 5107.38
