Jobs, Machines = 200, 50
Processing times (line n contains processing time for job n for machines 1 to m):
1
52
82
69
92
49
65
71
71
35
93
81
30
7
87
32
47
49
92
29
59
16
31
67
19
54
19
22
26
93
35
28
61
35
46
43
93
50
22
7
48
17
38
14
23
55
93
13
86
27
23
3
62
22
8
36
51
65
68
4
93
16
33
3
50
44
15
58
84
90
93
2
24
53
3
66
75
55
4
77
22
60
97
56
69
80
61
47
50
58
36
15
81
97
69
33
18
29
17
55
91
44
91
10
10
30
75
49
89
70
87
56
7
81
1
13
36
64
22
18
39
91
99
50
8
86
45
57
18
65
1
3
34
60
93
33
37
93
5
69
17
36
29
73
6
20
65
76
2
23
89
68
49
67
62
46
21
55
87
47
43
1
48
24
93
48
20
23
26
76
31
13
46
3
28
15
41
46
30
31
43
65
49
69
17
49
66
31
74
90
12
69
56
81
94
16
20
98
21
73
Optimal makespan = 188.0
