Jobs, Machines = 200, 100
Processing times (line n contains processing time for job n for machines 1 to m):
2668
1293
2455
3834
4843
1233
472
2540
4088
261
4567
1657
2150
1769
232
580
1744
3246
3452
3232
778
28
219
1836
2035
4354
3965
4424
1931
2094
2079
1602
3130
588
2830
3001
1706
4736
1302
2574
324
2110
4427
1466
605
3594
4431
2227
1681
486
258
2188
2021
3954
4484
4962
4109
2537
3474
376
1956
3688
4050
4491
821
3903
3286
1589
4420
3385
2042
4708
3635
1084
1786
1101
3948
1826
3054
3264
517
1868
4448
2745
4220
3506
4893
3879
867
1404
578
1571
2817
2011
4017
156
3500
4676
1044
4860
2580
4828
207
3495
2927
4352
2206
4395
3491
2723
37
3430
2071
4170
2414
4246
3795
3134
3268
596
4773
2872
1777
3109
1546
3604
1861
3694
242
1114
4731
1587
94
4928
4872
4225
2358
2821
2127
4818
1823
2287
3272
2720
4704
567
4947
3060
2175
3714
314
3419
2412
178
2315
4081
4380
3674
520
3921
3422
3711
4842
4032
4439
4028
1051
4656
1311
205
1346
647
3713
2377
883
3628
2067
3747
1187
739
3690
2874
1790
3786
205
3760
2201
1236
16
4776
1723
670
4472
4420
252
1761
2405
717
3858
2998
Optimal makespan = 5224.98
