Jobs, Machines = 150, 75
Processing times (line n contains processing time for job n for machines 1 to m):
1200
2983
2260
523
2424
408
244
4880
2514
138
3037
879
4613
4404
1901
2286
2099
3805
2560
3546
2312
1505
3257
2856
2868
4575
995
2428
1278
4787
499
303
2201
231
3325
1298
2151
2802
3578
810
21
2841
667
70
3833
756
2705
4863
1494
221
2391
1497
344
3325
4753
2270
2337
903
3676
2897
4469
3887
3082
3550
3930
1118
3683
2460
3687
4048
1852
2704
4020
1827
4488
629
339
4305
3574
301
2943
4260
3539
2157
2262
334
514
245
2889
3818
2960
4866
4443
1617
1960
3081
3524
3618
2368
3978
2050
4084
412
1136
1233
1516
3198
1907
717
1088
4087
4148
2824
4776
108
2811
1986
3319
692
4043
2626
1892
1166
2283
3234
2403
4344
500
274
979
4181
482
1941
1127
3372
1410
2075
2301
484
3073
3045
1352
440
4549
456
2338
1211
3127
3979
2503
Optimal makespan = 4880
