Jobs, Machines = 100, 50
Processing times (line n contains processing time for job n for machines 1 to m):
773
49
1145
4707
4299
841
1647
448
830
234
1790
2353
3311
2917
2645
2936
1209
682
487
1766
4147
953
1773
2531
1798
2417
2297
930
781
2289
3975
4955
3210
465
1158
4332
3002
4485
3871
1767
2970
1441
2811
1755
1137
4506
3280
4278
511
3395
122
2082
9
3643
2664
793
1306
2687
620
3137
3376
2984
4102
3756
645
3123
4922
1532
1252
1538
2356
2050
759
4896
2391
3403
2559
68
2562
578
4258
50
4642
1230
4343
4854
742
471
2174
3154
1994
1310
108
2546
2941
1540
1967
1373
409
2754
Optimal makespan = 4955
