Jobs, Machines = 100, 10
Processing times (line n contains processing time for job n for machines 1 to m):
689
481
908
110
290
991
133
71
230
71
279
750
134
259
96
251
72
368
453
975
164
861
604
155
219
135
405
812
800
562
342
107
938
321
508
519
148
643
80
415
106
420
500
27
573
372
835
973
993
836
131
779
623
948
1
94
222
607
1
140
927
667
584
52
157
153
92
175
63
910
712
549
741
129
187
812
705
404
827
46
212
386
702
778
798
309
428
102
344
289
788
560
510
198
93
775
834
165
341
37
Optimal makespan = 4308.0
