Jobs, Machines = 200, 100
Processing times (line n contains processing time for job n for machines 1 to m):
2009
4048
2482
363
4710
1599
3270
1457
4643
3554
3404
4168
3418
8
424
4935
1035
1879
2404
1102
3074
4095
297
4205
207
2956
2449
2977
4870
2710
4356
602
1678
3632
1604
3352
2356
3613
4596
4221
623
3197
3776
925
3921
3073
2339
4940
989
332
3994
635
307
446
550
4663
706
2226
4537
2391
3646
4178
883
3122
2056
2693
3159
2525
2375
1927
2991
1329
2516
1585
462
617
3057
2762
2011
4603
115
4652
4574
4948
3433
1671
428
3774
1855
4803
4680
4174
202
4585
2189
4281
4553
1930
4357
2458
2738
1154
3294
2060
3208
3064
689
4408
32
3262
2875
4983
4581
4169
4404
4146
1437
691
231
402
4819
3857
234
4032
3272
2748
250
4434
208
2281
1938
4990
3348
3586
4217
3946
3476
1109
4263
665
3711
2230
2201
1301
4220
517
3663
2969
3145
1084
2893
2451
2604
1768
2360
4258
3527
2861
3122
4682
4154
4674
4903
4973
593
426
4932
3997
2619
355
65
3116
739
4374
3869
4993
4312
4291
1113
1595
345
1756
548
1504
3478
2695
3982
560
3446
409
992
1924
2796
3241
4352
2540
4132
2877
1028
2565
Optimal makespan = 5358.22
