Jobs, Machines = 150, 75
Processing times (line n contains processing time for job n for machines 1 to m):
2762
228
2005
4715
336
849
3406
4123
2544
3234
3821
2671
2373
1954
1289
4227
2253
4053
1056
2391
3699
1510
2693
3558
1617
3267
1347
2368
2196
2106
3611
1871
966
327
235
3136
2827
3908
1366
4226
919
3946
2585
2993
4139
1988
5000
4172
953
3618
4165
2978
1808
2246
252
1154
4106
2603
553
78
3266
1856
4843
1010
1028
2722
2085
234
1085
2255
1483
1787
1723
405
1383
3952
1949
1648
4899
3548
1839
1629
4047
2262
2925
3842
4077
1628
1544
2518
2265
4064
4729
4945
2283
3149
3193
1872
3386
979
1022
1229
751
2991
152
4785
2856
732
4646
3362
2534
3996
2839
2912
456
492
4998
452
1865
2384
1320
1380
2987
1636
4217
2401
4888
3453
600
1440
2193
3556
3014
2798
4867
1295
3605
1150
4794
1127
3091
3799
1625
3745
4343
105
815
2138
2734
4774
Optimal makespan = 4974.1466666666665
