Jobs, Machines = 500, 100
Processing times (line n contains processing time for job n for machines 1 to m):
45
12
88
83
33
18
1
79
92
71
62
45
20
15
38
27
57
39
25
86
97
90
47
8
42
15
75
53
7
5
78
31
6
16
99
66
61
83
85
51
61
81
1
74
23
75
22
75
63
27
66
71
5
84
17
40
97
99
1
26
59
47
30
9
47
78
26
49
30
44
68
51
64
89
81
81
97
14
71
61
59
56
61
48
8
42
36
23
30
52
9
57
77
71
34
37
10
97
39
88
31
66
54
35
21
50
51
75
35
99
66
19
49
64
43
32
24
4
77
39
49
44
10
81
85
22
35
5
55
12
74
93
41
85
7
39
51
95
28
35
85
67
76
57
96
51
96
79
93
40
10
70
41
46
45
35
48
92
55
37
36
78
32
76
16
25
42
99
67
42
8
28
31
24
34
41
5
77
95
42
40
67
88
32
74
33
66
29
49
6
20
54
13
61
86
28
59
78
26
15
54
29
44
2
21
67
48
54
81
97
20
38
22
51
62
65
55
80
91
47
38
73
54
65
83
28
21
90
57
72
3
55
44
94
84
98
13
36
91
99
97
85
44
45
19
75
63
31
16
53
6
51
16
46
48
93
99
14
39
98
30
82
19
82
12
61
81
4
5
34
30
86
86
99
35
13
53
28
72
35
42
50
55
13
93
48
85
7
19
30
55
21
83
18
66
23
24
89
74
23
72
85
6
96
1
20
14
82
17
14
78
86
28
7
21
67
12
21
82
99
81
82
12
72
98
83
69
4
36
1
6
96
20
10
73
49
6
5
1
9
17
64
50
87
25
93
28
38
70
15
38
64
20
3
1
56
55
56
6
45
69
7
57
26
18
67
92
9
77
54
68
58
98
90
65
59
75
51
48
88
27
73
62
12
38
76
51
38
78
56
87
9
66
84
75
40
32
22
8
70
97
71
97
77
7
53
83
56
88
48
26
24
21
24
37
31
1
31
20
73
87
13
32
9
94
54
30
64
59
65
64
47
54
32
84
22
15
98
65
25
5
67
71
68
74
89
18
69
96
81
1
68
61
21
72
96
18
26
23
91
36
66
88
76
60
60
23
30
31
92
77
58
67
15
49
25
44
19
53
50
1
29
6
2
72
65
18
33
20
22
54
11
81
19
78
78
42
41
34
32
Optimal makespan = 247.0
