Jobs, Machines = 150, 75
Processing times (line n contains processing time for job n for machines 1 to m):
2671
758
1379
1044
1355
3744
835
3607
4259
3974
3682
267
4403
2413
2280
4049
3880
4424
2826
2252
4298
773
2902
2918
195
54
1080
1897
2918
326
3489
2866
709
2559
4530
1237
2886
410
3548
4280
906
4709
4029
1921
3876
4288
2827
2776
1643
1499
3862
708
1979
89
1841
2683
1864
1006
4546
2921
4223
3692
4479
931
2663
2807
3125
2914
4209
4676
2507
2381
1438
3803
1428
2589
4762
1583
1350
4613
2174
1268
2308
4890
4437
1516
3469
2634
1276
4381
4523
962
4999
3560
4975
998
4160
6
4908
4136
4476
2002
740
2688
2361
4974
4204
2416
4471
4062
4703
4372
1861
4998
1559
310
1767
2797
4996
4309
618
1764
2794
4761
3354
2774
4487
617
2052
2846
825
2972
3412
2713
683
1982
3666
3143
232
3950
3388
4228
3694
3166
3599
4504
3627
2509
4677
2293
Optimal makespan = 5587.986666666667
