Jobs, Machines = 200, 100
Processing times (line n contains processing time for job n for machines 1 to m):
2106
486
1761
1734
3990
3807
1461
3434
4731
879
4646
4959
3925
3749
1188
924
4071
2055
794
462
3573
4008
3127
718
2933
1594
2835
192
3148
2756
2301
2520
1928
1244
3833
4387
4534
1080
530
1732
70
53
4738
1074
1028
4375
2716
867
2037
2666
505
2367
1444
4532
756
4891
2357
1662
4849
3044
735
3551
3695
1694
4456
3659
1258
3245
1022
3513
4029
846
1665
245
4038
789
579
3424
4080
13
2855
1480
168
4829
4534
1683
2607
4172
84
2989
1210
4669
4572
3
173
3047
3120
721
4505
2529
1905
3362
1554
2203
2846
286
1922
4298
167
4798
3807
2549
652
3334
3399
158
2320
4911
721
4596
3942
3443
734
4030
1255
1107
4701
915
4073
4596
4564
394
1997
4733
260
1087
2919
4887
2023
3249
850
217
3803
767
731
2903
4863
1849
1315
49
1449
2004
2865
4437
2308
2479
2637
2125
4013
3483
140
1788
4700
4588
4157
3982
1254
755
497
3922
2321
3961
852
4604
2695
3094
1244
2358
692
2274
2784
2140
1403
4550
4078
2989
2705
1957
392
1561
2148
1051
570
1536
4288
698
2615
2752
4987
4186
Optimal makespan = 4987
