Jobs, Machines = 150, 75
Processing times (line n contains processing time for job n for machines 1 to m):
1282
4090
1542
88
4237
4020
3853
4550
153
4703
2547
1800
1666
1655
1231
46
61
675
2273
1789
2503
1861
3689
3357
110
1936
1819
4749
3501
2765
1634
246
3012
525
3514
629
3834
2805
4923
194
770
715
1803
1923
538
901
4951
1283
3005
3687
4739
1514
3333
203
252
2889
2900
2700
1608
220
1981
1682
981
1322
1752
3947
386
286
4885
1848
645
4700
2823
1757
3733
1709
1432
223
4972
154
2595
477
4779
2281
1832
4454
3795
490
2345
3439
4140
1959
786
1483
4514
2313
4657
3942
3775
2351
4966
3411
108
3677
3579
3741
628
2409
697
860
2213
1283
1574
86
2076
4082
4369
3137
1236
3019
1581
4206
3369
2596
210
1503
3850
3807
258
4533
2344
3527
4371
939
2054
4792
188
2683
997
1095
3165
3430
1741
112
4153
2583
352
3962
1181
1371
Optimal makespan = 4972
