Jobs, Machines = 500, 50
Processing times (line n contains processing time for job n for machines 1 to m):
70
3
16
24
98
65
57
8
18
10
7
69
53
14
31
87
85
63
17
26
24
4
2
83
55
61
58
76
27
25
50
40
8
45
19
40
72
9
84
15
68
6
56
73
20
2
13
14
28
77
3
67
78
89
67
36
60
42
13
90
48
47
90
26
4
29
22
31
53
22
13
15
69
92
84
81
80
93
83
81
66
95
85
29
63
55
38
97
80
10
48
64
20
57
98
84
64
73
59
94
99
39
19
23
33
94
29
38
67
29
54
93
37
49
71
6
78
48
95
49
96
86
89
88
51
59
79
61
48
85
27
6
74
74
10
36
71
25
43
25
58
10
68
46
9
21
7
67
54
40
75
52
41
75
19
15
86
21
46
94
26
16
58
63
63
74
15
27
99
19
82
59
43
8
50
87
47
57
79
28
72
29
2
17
67
96
11
84
1
40
23
79
20
87
4
27
18
31
37
16
87
92
9
62
73
26
22
72
55
90
4
28
14
58
30
48
85
34
6
53
48
35
51
87
89
24
84
98
49
2
57
82
22
85
64
35
22
91
40
91
77
57
26
44
18
83
82
69
44
65
43
38
10
60
48
30
51
26
16
59
83
47
68
50
46
4
35
46
72
51
90
87
95
15
98
24
90
6
97
63
50
74
80
56
12
41
33
59
36
16
91
99
52
33
85
14
32
47
22
40
52
30
49
41
9
87
85
13
5
76
54
3
42
37
50
22
14
51
12
33
92
67
57
47
22
67
79
94
4
6
82
31
70
59
66
88
72
35
39
16
13
25
49
97
74
8
86
17
72
5
11
86
21
15
75
92
89
55
98
6
38
51
56
85
9
4
75
34
96
84
66
45
63
98
66
47
56
47
3
5
69
65
52
4
6
54
17
80
70
62
19
89
91
59
14
77
16
92
24
11
33
67
32
3
90
95
22
18
49
93
48
18
54
96
8
26
4
83
6
30
88
65
42
69
6
98
64
37
39
68
44
83
39
40
92
84
10
75
57
43
5
47
1
61
89
1
55
74
19
4
13
16
58
41
8
72
27
86
41
22
42
2
40
68
5
28
12
30
95
16
15
91
73
81
34
20
99
15
89
66
22
98
9
26
30
76
92
31
83
68
18
63
57
89
40
71
83
56
18
63
Optimal makespan = 491.0
