Jobs, Machines = 150, 75
Processing times (line n contains processing time for job n for machines 1 to m):
1936
4460
845
989
4534
4119
3707
3627
4950
576
2393
2776
2016
4159
3849
1513
388
4941
985
2701
2651
1881
1044
245
3826
3971
820
3428
1507
3418
2500
1595
3983
4738
235
3028
4370
16
4659
965
1565
4814
4574
4246
4953
3508
2503
2164
2011
498
2915
3888
3901
4069
2464
784
4000
4848
4414
697
399
4601
3072
4488
4264
1144
1845
427
3000
1966
317
4830
2923
2760
1477
3440
4322
3672
445
3824
2277
4184
3406
672
2610
642
1761
979
4154
4007
4908
4343
4148
1484
822
3985
1989
2472
190
4176
4536
1098
4853
3114
4126
1224
479
3106
3638
3063
4384
4929
4106
400
1131
4953
537
1469
306
1709
2912
1536
4686
255
1324
386
1533
1926
2300
46
3496
3257
1944
3867
942
1571
2219
3429
1395
588
4286
1419
572
631
2890
255
882
1742
4021
3303
Optimal makespan = 5151.453333333333
