Jobs, Machines = 100, 10
Processing times (line n contains processing time for job n for machines 1 to m):
190
838
553
373
443
404
659
716
862
317
412
977
748
643
73
545
800
824
791
611
60
336
799
355
643
627
663
728
969
633
887
689
771
620
245
169
201
205
898
413
706
249
81
93
444
536
118
64
17
574
722
966
161
17
407
440
159
313
141
401
59
215
359
128
62
641
403
264
411
894
970
240
753
31
893
671
763
260
480
677
563
47
887
390
566
160
119
100
757
672
519
292
210
721
835
742
922
705
822
387
Optimal makespan = 4889.0
