Jobs, Machines = 100, 50
Processing times (line n contains processing time for job n for machines 1 to m):
4518
3886
501
920
4995
4860
1156
2474
264
3906
4786
164
1043
3431
3463
63
3356
47
4270
2316
2576
3854
4019
674
669
187
3932
1871
1466
4201
4940
1197
1228
808
3722
889
424
3493
4777
1463
4728
838
3178
3291
1947
1231
2908
3038
3125
2605
3564
4908
1469
717
3508
2088
3362
1548
477
3939
4480
640
4176
1644
4242
3082
3630
3400
1383
1361
3831
3084
1054
4909
3998
2836
3277
2228
3542
1848
381
2494
4743
1567
4269
84
739
4859
944
975
4494
648
656
765
4423
3021
467
791
2243
476
Optimal makespan = 4995
