Jobs, Machines = 100, 50
Processing times (line n contains processing time for job n for machines 1 to m):
1932
2015
133
71
3331
2120
368
1477
3023
3236
604
2203
4315
3477
3884
2848
2369
508
4615
3220
3715
4176
4511
1444
372
3021
993
4932
4227
1803
4097
1025
1951
1691
2632
52
1199
2111
1934
4808
4645
741
3259
4908
4801
3118
212
2434
702
4874
4405
4524
102
2392
1313
2836
4294
93
1799
834
165
1365
3373
1334
1029
343
3884
1300
1897
2495
1837
4388
4583
1052
819
2875
2553
925
1275
2488
2117
389
3475
2672
1835
731
3247
2828
2204
4508
1852
426
1986
3382
3748
4228
3350
1451
452
1095
Optimal makespan = 4932
