Jobs, Machines = 100, 50
Processing times (line n contains processing time for job n for machines 1 to m):
2254
3138
3655
1419
2148
4169
728
2814
45
4195
1261
1779
1213
3803
2283
4321
3502
1255
4523
854
2910
4043
3080
4181
800
337
2536
2657
3191
4672
2877
2099
3553
1113
1111
4147
1322
3895
4348
2822
2612
4546
3696
576
2972
4309
3239
3987
4940
4754
104
3853
4327
4956
4024
1411
1138
3481
3339
2304
1563
1129
1063
4720
3353
2546
3053
1705
117
2330
1447
264
1196
3214
3773
4825
4975
2954
4893
2491
1289
3975
1404
4566
1962
1480
1485
37
1949
2442
2370
2881
1759
2493
3639
108
3843
535
3627
4564
Optimal makespan = 5352.8
