Jobs, Machines = 200, 100
Processing times (line n contains processing time for job n for machines 1 to m):
4515
900
344
3474
2194
4220
4080
2899
3964
1908
912
3402
1811
3748
2589
385
1279
2573
992
290
3399
3282
1671
3375
3447
587
1444
4289
4380
4642
3332
901
3083
1023
4906
1337
4872
3206
3517
4052
3243
3457
4892
108
4773
3681
505
3415
2339
2911
342
3496
453
4420
200
521
196
874
4888
2379
977
3612
4487
801
2395
1009
3939
4705
107
4121
3680
141
4502
3277
2084
37
630
3751
1205
4140
152
1885
172
3921
2243
169
4011
3313
373
2704
3318
4381
277
1834
3388
4962
2588
1234
1850
889
3202
1779
3566
4661
1092
4326
3518
1886
2322
2107
3477
4707
1311
2529
3061
2302
84
4585
2295
4295
4415
1620
694
3452
3367
2717
2819
4159
4220
1391
2376
2050
3861
4732
768
1145
4209
1495
2087
4270
759
1200
57
3126
3849
70
3301
1534
4576
2239
102
3951
3634
3641
2728
4444
4279
1331
3298
4354
4344
524
19
2947
2634
3489
447
2698
547
1790
3362
225
2040
1636
2373
3825
326
1819
290
933
1871
3660
4817
2178
4406
3364
3159
3843
4783
1250
1442
4711
3534
1249
3815
863
4416
74
3850
3761
Optimal makespan = 5103.2
