Jobs, Machines = 100, 60
Processing times (line n contains processing time for job n for machines 1 to m):
837
321
256
818
278
59
17
308
658
188
860
963
879
415
856
321
804
896
435
380
460
90
450
368
547
844
707
228
886
133
805
241
886
717
729
765
688
33
715
317
881
74
931
305
949
965
377
541
74
136
830
85
304
617
182
929
260
931
170
492
922
414
497
119
763
411
694
726
534
233
843
796
699
8
992
574
100
631
820
931
431
107
53
147
792
388
892
583
793
308
263
382
685
344
293
854
527
84
86
500
Optimal makespan = 992.0
