Jobs, Machines = 150, 75
Processing times (line n contains processing time for job n for machines 1 to m):
147
4015
395
4420
322
1703
4459
2018
2742
2415
693
4140
2794
836
2879
2933
357
2496
4496
3276
3146
1820
1194
269
3774
226
3646
2911
347
722
3284
1462
3237
1152
4406
1367
1072
361
3813
2889
1284
1604
476
3508
2441
3871
2241
3273
3071
1827
2907
3702
3704
1670
3140
2231
3314
4055
4423
4644
1338
167
3282
706
2189
613
3258
1237
453
1636
1771
4696
4861
4974
1200
4034
3506
391
2477
1203
4376
1722
401
3122
3897
3270
3349
2373
4243
1119
3803
1133
780
36
2920
560
4660
1856
1480
188
1537
185
3980
2401
254
2915
232
374
2355
3806
3563
4749
807
3643
954
4041
1976
2905
722
2967
1535
1310
1069
2951
4540
3624
4535
549
1501
3645
3072
3034
461
2729
389
1165
3972
3840
779
1601
679
3751
942
2485
1482
4620
4746
903
2980
2966
Optimal makespan = 4974
