Jobs, Machines = 200, 50
Processing times (line n contains processing time for job n for machines 1 to m):
103
436
861
271
107
72
701
21
615
122
467
215
331
459
88
373
100
872
664
131
662
309
770
344
492
414
806
386
192
956
277
161
460
314
22
253
748
857
561
475
59
511
682
476
700
976
783
190
958
687
958
563
876
567
244
832
505
131
485
819
647
21
841
167
274
388
601
316
14
242
777
346
565
898
340
92
367
956
455
428
509
776
943
35
206
81
932
562
872
388
2
390
566
106
772
822
477
703
402
730
556
162
202
958
996
270
863
816
271
456
462
727
252
702
296
725
720
749
338
879
53
792
922
217
764
188
380
493
41
157
15
813
65
857
839
521
344
129
648
472
63
139
499
593
392
675
419
289
379
773
490
231
41
28
135
201
840
780
930
33
48
503
407
574
728
805
99
684
872
726
987
547
961
739
613
943
462
643
769
5
218
503
767
398
871
795
393
207
15
858
554
892
461
691
575
864
743
241
564
96
Optimal makespan = 1966.8
