Jobs, Machines = 200, 100
Processing times (line n contains processing time for job n for machines 1 to m):
4014
3084
1577
1321
2786
3409
935
2100
3850
3585
384
3849
156
4622
1201
169
338
2801
4294
177
2835
2412
2327
2224
4083
3516
1495
1003
4904
3587
4525
2482
4107
3920
3889
770
1409
3822
2732
3049
4654
4416
3929
4863
1397
1466
1744
129
1263
1636
323
2484
2769
3155
2843
4289
534
2255
2013
1924
4952
1373
1357
702
1439
1351
2041
2986
4070
3893
4265
2575
3044
4472
4120
113
85
3047
3145
1408
3903
4361
3625
1124
2569
2640
2327
3259
4338
1707
102
3969
2457
4630
1324
730
2972
2107
784
4498
3583
1536
2109
4020
3665
4172
3112
4362
1382
4981
3173
2608
4169
3856
1655
3528
59
2603
4425
3729
3207
4484
3621
198
3051
3567
2903
553
4223
126
2506
2684
3583
620
2696
4016
844
2519
877
431
4510
967
2309
3901
1465
1383
4002
1916
2086
750
2374
423
3064
4917
4122
1795
3902
3266
4520
439
4685
5000
139
1700
4726
3100
3792
894
20
2260
207
4536
3892
1781
4430
1136
626
255
4857
57
2864
3995
2532
1313
2138
1534
900
1218
2860
2087
154
2227
397
4696
3852
4552
113
4853
3022
928
Optimal makespan = 5115.68
