Jobs, Machines = 150, 75
Processing times (line n contains processing time for job n for machines 1 to m):
1045
829
632
52
1742
308
4811
974
1320
254
4124
2736
3795
2259
2563
2311
3772
4793
2345
4351
1403
2874
3321
4829
781
2851
127
3912
2419
3236
3706
2091
3151
4696
767
3655
2849
3883
2696
3679
2998
4831
1938
4067
1647
2933
3710
1148
2525
3960
2700
4458
383
1274
4183
3019
1596
2720
4915
2887
1525
2443
357
3341
1301
921
43
4559
3900
3289
2126
3953
2248
558
1695
909
4113
2562
3486
2134
3349
4573
2919
413
1068
3440
3210
2427
809
4248
3684
2490
1510
800
3036
2174
450
3533
911
4945
3671
2533
452
1824
3759
1499
3640
2539
697
1588
1163
4459
2932
4654
747
1647
1234
3910
3994
715
2036
4383
4266
1063
1021
2994
3205
3900
2385
1189
1186
4777
2868
1990
2480
3417
666
1385
52
2070
875
3871
4535
2252
3166
3162
319
2702
3325
1984
Optimal makespan = 5019.56
