Jobs, Machines = 100, 50
Processing times (line n contains processing time for job n for machines 1 to m):
3221
1889
3501
1124
1002
1695
3002
4731
1806
376
3961
4906
3629
2941
4126
911
2821
3003
1714
2369
1688
4224
870
2073
3889
1431
170
3828
562
3213
1179
1678
3590
4892
1271
2370
1246
4862
271
3239
1987
4658
744
3165
408
366
4419
1427
1853
825
3869
3688
1644
1020
1226
478
4696
507
104
881
1612
1893
250
849
2112
1910
2394
4083
656
4287
3437
4570
2990
1488
1529
442
3073
2707
306
2101
3296
3474
3468
1046
59
2329
1045
106
3802
4048
3310
2909
4849
1694
848
389
1111
252
1964
3225
Optimal makespan = 4906
