Jobs, Machines = 1000, 150
Processing times (line n contains processing time for job n for machines 1 to m):
642
36
186
169
714
745
723
69
198
949
386
920
255
804
56
450
177
222
60
999
364
245
216
643
193
653
425
969
21
506
60
808
592
763
48
796
831
742
751
741
493
762
63
530
74
161
278
240
170
868
532
791
923
691
956
774
653
353
765
950
732
258
429
844
115
12
734
96
882
298
124
930
269
78
461
484
89
489
458
627
506
780
1
664
446
524
740
115
497
423
382
451
316
491
84
659
61
105
796
635
420
622
182
30
662
618
109
741
930
46
350
448
447
544
588
863
780
749
869
42
856
695
991
828
860
230
536
299
348
166
161
900
392
285
942
188
326
942
424
824
185
377
689
335
35
356
565
673
745
796
321
591
362
315
929
377
741
476
658
14
241
696
538
883
395
160
923
504
535
651
621
354
885
243
39
761
403
590
732
190
255
131
40
739
644
592
256
95
158
843
547
219
967
418
140
863
959
839
656
128
224
68
204
123
925
199
840
53
917
298
858
355
648
892
826
150
518
415
706
22
241
99
40
445
641
71
920
275
265
535
732
901
115
630
942
208
737
2
664
849
854
140
580
950
506
249
287
340
162
459
783
766
32
134
414
843
785
305
664
312
257
328
152
485
432
433
362
666
975
409
531
321
955
522
751
578
653
473
505
632
96
360
934
659
67
244
159
17
823
990
291
659
134
898
431
486
413
199
646
965
740
251
546
346
197
555
846
286
845
121
841
239
253
15
532
526
560
22
427
396
150
871
1000
602
903
348
738
297
425
69
99
867
551
2
529
455
641
726
444
749
194
324
480
326
202
117
827
98
347
600
242
405
57
745
622
171
493
206
91
447
487
461
74
623
590
129
796
146
247
653
32
625
111
716
795
292
407
937
389
77
380
614
874
893
160
870
935
256
83
40
534
839
662
812
25
756
750
444
883
744
107
461
98
673
32
151
188
932
964
55
450
401
410
131
261
325
878
20
68
973
941
824
396
488
304
990
525
487
386
449
902
292
261
312
506
277
433
331
565
903
441
213
476
476
252
148
551
67
40
605
381
249
96
834
266
592
364
185
59
864
124
816
805
160
536
524
965
784
70
821
810
912
180
511
311
747
365
283
697
906
121
165
749
239
415
773
294
724
558
471
634
25
476
546
157
122
342
97
158
69
294
555
86
9
699
228
338
640
280
738
950
736
279
885
574
961
576
46
846
395
427
532
593
835
93
134
251
507
622
61
121
783
315
643
336
688
491
695
558
569
969
602
994
511
411
281
956
48
610
443
585
692
541
733
92
643
201
988
160
341
250
403
483
754
149
652
898
699
912
752
868
94
388
608
121
711
509
923
221
748
930
420
826
832
459
789
902
552
52
95
174
76
763
923
313
35
621
894
926
630
319
728
586
241
60
621
774
6
725
229
852
893
430
149
262
44
608
253
609
206
36
427
399
472
729
440
283
512
789
74
105
250
745
748
904
664
56
1000
393
541
557
769
853
179
753
191
718
910
956
471
346
88
511
98
636
163
973
210
511
675
432
615
514
195
894
633
389
274
684
524
238
744
891
280
158
372
191
564
359
878
160
815
203
892
282
865
45
5
363
515
143
568
211
928
829
347
661
831
328
325
985
142
317
498
844
166
695
804
181
666
735
195
310
859
104
207
84
86
13
329
166
953
678
410
757
222
383
394
142
508
990
529
313
138
892
310
61
985
541
921
878
337
196
405
221
976
499
842
497
227
517
786
596
112
271
693
980
585
956
703
745
914
842
699
242
574
229
170
460
185
975
322
488
118
90
456
169
72
815
423
150
511
176
928
748
303
232
264
164
434
662
578
714
699
776
615
746
927
292
916
610
889
160
111
37
332
701
336
970
314
550
878
441
730
307
855
956
423
218
880
930
184
39
453
957
436
112
2
323
412
239
72
578
166
700
864
46
252
472
1
134
851
699
462
131
487
919
915
873
424
60
834
113
846
152
768
195
657
122
568
299
90
923
794
562
428
729
290
556
973
210
747
746
631
722
281
592
11
10
600
269
778
187
355
606
914
907
710
546
205
547
536
944
93
857
167
298
551
349
612
662
862
730
367
870
60
83
990
816
610
396
797
156
932
997
539
12
709
35
419
885
62
554
466
653
227
327
951
861
245
962
583
664
439
995
659
392
465
605
494
901
692
711
544
253
240
217
994
558
340
440
692
156
991
248
860
810
417
34
941
608
648
469
348
550
936
205
463
683
179
453
527
195
798
342
50
844
14
275
319
867
584
327
831
52
878
612
865
372
136
257
452
422
118
186
198
876
474
94
425
Optimal makespan = 3240.3733333333334
