Jobs, Machines = 200, 100
Processing times (line n contains processing time for job n for machines 1 to m):
1693
2828
4248
925
504
2977
3307
2956
251
3236
2532
2914
2290
17
4527
4395
3774
3246
464
4919
4648
3813
1064
2624
3861
3107
2476
2511
2773
2625
1638
4179
3463
2970
983
912
155
1883
637
2599
543
3961
1586
1290
4568
1867
3354
4826
267
2190
1986
4527
2748
1546
3857
3863
4664
4017
3308
639
799
3196
4001
358
3406
3378
828
4026
4664
572
2748
4535
762
1710
2440
520
4830
2150
2063
2207
1122
4364
1359
2154
3904
4983
1124
3944
1823
4638
2709
4976
4095
3305
2769
3697
2808
4659
3217
1171
3360
3469
1277
1700
3487
3889
706
909
1969
1588
1573
1366
2130
1317
1122
3535
1425
417
4627
2202
4397
2235
202
979
2124
2477
1549
4564
2994
4462
2298
3427
1143
4423
277
372
1617
4619
3435
801
1450
4016
2769
583
2087
687
1155
4678
1825
2113
6
4471
1638
698
3086
4676
4197
3828
3793
4514
2999
443
2920
974
1680
2866
4766
2215
3127
4939
2892
375
2170
1099
997
1737
1753
2136
1916
910
4185
4861
4109
3677
3659
3503
3042
3822
3078
4973
4215
4995
1239
1763
3427
2593
2703
2033
1165
3229
Optimal makespan = 5204.63
