Jobs, Machines = 150, 75
Processing times (line n contains processing time for job n for machines 1 to m):
1951
4956
2250
2879
2205
4587
2598
3872
2442
4516
331
4080
4703
3040
1590
3198
3379
500
4648
251
3503
1909
2015
3783
3152
108
4344
1992
2955
250
1436
1751
1322
831
4991
1828
2558
4988
2038
2007
2209
4658
2534
3703
2717
687
3558
4035
3076
4126
4541
1025
3198
2650
707
1995
298
494
2828
1299
4782
1072
4859
4102
4944
262
724
852
3503
3809
3952
863
2245
261
1761
4298
3612
2468
3800
2509
4789
505
1785
2805
1277
3187
4537
1449
3237
1226
3297
4799
2439
4126
215
3057
487
3975
3639
1248
319
302
1701
3289
1194
2877
2489
1082
3692
801
2318
3609
2588
3200
1125
2164
3465
2645
3001
109
4642
3464
4699
2435
1849
212
3358
4117
706
362
4927
293
4438
2893
1466
1378
898
1026
1782
360
1907
2259
2552
4486
2588
3853
602
661
2261
4041
Optimal makespan = 5004.2266666666665
