Jobs, Machines = 500, 50
Processing times (line n contains processing time for job n for machines 1 to m):
62
70
41
59
20
19
76
94
61
28
81
3
73
33
32
56
23
99
60
80
31
99
3
23
88
73
49
3
41
73
77
2
29
66
81
93
60
24
64
17
62
82
70
33
17
23
56
31
57
13
17
59
87
62
1
19
8
27
74
31
31
4
96
37
51
47
6
54
32
32
7
36
82
81
67
26
65
54
3
70
47
83
29
60
4
73
69
77
15
83
48
36
88
93
58
68
90
7
39
24
32
23
70
30
82
8
93
74
70
21
22
56
10
21
24
64
98
32
37
33
51
96
70
16
60
29
30
35
14
2
40
46
34
50
20
19
55
1
35
65
70
21
29
74
61
17
16
51
43
84
76
45
98
17
99
84
31
24
42
66
67
24
45
41
22
2
79
61
34
61
75
62
39
43
28
79
78
80
34
38
8
68
25
89
14
70
91
83
29
99
57
43
90
36
74
43
63
26
31
29
36
45
14
64
36
14
73
93
80
8
7
51
76
92
81
83
54
35
33
48
94
39
30
19
87
1
62
50
36
48
2
87
4
96
50
25
73
21
37
75
58
73
99
60
23
31
89
7
22
9
51
61
71
17
94
94
16
65
21
74
37
14
40
55
33
3
76
28
65
76
97
73
39
7
1
88
69
52
36
3
28
98
95
61
68
86
9
17
23
86
46
94
83
22
71
99
81
60
41
80
74
35
67
80
85
47
59
41
61
69
6
2
67
4
14
32
51
69
96
1
9
92
19
83
39
91
52
28
17
69
63
25
27
79
74
28
65
24
79
66
24
3
22
21
52
83
1
65
43
14
84
35
97
35
12
50
18
33
35
15
68
27
1
73
77
34
49
2
1
13
33
53
89
55
53
8
37
64
79
89
32
12
91
20
35
48
98
48
12
24
62
38
19
42
4
10
86
30
24
57
62
12
71
47
16
2
87
15
64
51
30
23
44
62
15
34
44
4
34
79
64
79
10
43
32
13
49
71
48
35
12
27
12
51
95
97
52
91
72
80
69
76
39
6
93
83
59
51
99
84
33
94
86
67
88
64
77
40
73
90
51
82
55
98
16
64
97
64
37
65
87
10
75
88
25
59
64
32
62
47
23
44
44
81
70
14
22
3
77
30
67
33
64
99
8
97
52
36
38
47
Optimal makespan = 491.0
