Jobs, Machines = 200, 50
Processing times (line n contains processing time for job n for machines 1 to m):
76
31
4
33
96
62
86
36
69
16
66
15
54
58
73
88
47
9
54
13
35
25
13
18
69
31
57
15
37
32
87
37
58
62
80
18
7
43
12
9
50
78
76
64
43
55
17
25
96
64
99
23
28
33
17
76
59
61
55
97
71
33
17
60
93
56
89
6
82
94
80
68
56
61
58
84
28
79
19
88
56
21
10
10
74
28
58
51
8
58
79
69
24
76
42
40
71
3
72
71
28
48
55
94
20
7
49
15
61
56
53
52
38
43
8
20
22
86
56
15
2
49
28
98
31
44
10
91
78
20
90
87
52
55
82
17
43
67
50
91
61
82
69
91
35
12
83
92
99
60
38
20
55
96
32
95
86
13
79
57
30
72
59
32
82
35
13
40
42
7
93
69
62
37
38
59
37
66
72
44
16
29
65
55
22
96
59
93
44
75
15
49
66
63
99
69
69
49
73
3
Optimal makespan = 206.0
