Jobs, Machines = 150, 75
Processing times (line n contains processing time for job n for machines 1 to m):
596
4839
1065
1994
2999
1513
2286
3533
348
40
3675
666
4020
1916
3502
50
2508
4054
3782
3085
4630
1585
3370
1883
4031
3130
4500
2236
4674
1909
2732
2064
215
1128
3796
2045
699
3703
538
1219
4043
2686
2084
1294
1559
3751
2592
863
1025
918
519
2081
1569
2191
2385
1607
4931
4054
440
1308
831
2298
1096
2475
468
3350
3046
519
69
300
3209
1697
3901
4453
4620
554
4341
4891
3622
3498
2873
4562
3835
694
1316
2328
3179
4139
3751
4101
4702
4403
854
3868
418
361
2396
224
3045
3292
4492
2789
3572
1855
3061
225
4983
1497
1906
1498
719
1834
3542
250
2438
4104
1797
266
4153
2353
4720
2220
1087
2290
3271
2080
643
4112
1969
3600
3390
2435
1315
4267
1859
3177
642
566
4177
1216
4327
3413
2648
2304
2119
3971
4796
1304
2023
4120
Optimal makespan = 4983
