Jobs, Machines = 200, 150
Processing times (line n contains processing time for job n for machines 1 to m):
236
3981
906
2764
2896
145
4226
2798
3463
1203
4454
2963
2517
253
3563
4765
563
2629
3050
754
1528
3551
1889
1111
1032
4416
2878
3607
1338
2562
4413
729
432
4075
4730
543
1096
1479
3634
1338
4612
2841
498
1613
3099
1845
1361
2670
4980
3539
16
3137
2245
4122
3440
1928
1307
1641
1047
3048
1151
1304
3454
3429
156
4410
2644
3239
649
1313
3851
1680
2800
4040
244
1373
1215
4792
1346
1870
1796
2945
462
1799
4661
4566
1479
4060
716
2761
1068
4629
1573
4968
1800
3886
3825
97
270
3083
1928
890
153
1739
2465
3213
607
490
153
3411
4980
4962
2179
1757
4363
1875
2519
3271
328
2225
2219
21
1969
3982
2034
2675
610
1877
3083
184
3641
406
3304
506
2190
3285
812
3719
1742
697
1980
451
3894
2469
870
2809
3369
4174
2268
2738
2418
1486
1880
4753
3997
4548
885
3395
3375
4510
4160
844
4642
2691
254
669
1312
1053
4319
110
3593
4659
592
833
2073
1138
3051
2093
1296
1695
476
2959
2715
2284
4183
392
1456
879
2493
3828
4387
4197
2789
1825
2500
3796
2278
4784
4998
2128
Optimal makespan = 3160.4
