Jobs, Machines = 200, 100
Processing times (line n contains processing time for job n for machines 1 to m):
4918
1457
1986
1127
2011
2990
3474
4792
1652
2265
1183
3055
3815
2780
1398
2573
2065
1981
2931
1101
2900
2196
2868
1949
4498
4540
2229
2375
4265
1377
120
4828
3502
4944
4917
3056
3741
3496
4977
2797
1739
3399
25
1638
4558
2583
1738
4836
1767
2618
3864
4017
4820
4061
1879
3691
1660
3362
4765
4003
385
537
2724
2945
3719
3653
3233
4100
2013
1832
2801
1157
1948
2670
2186
4086
875
4783
2866
1100
2913
1227
3513
4861
2342
3577
958
152
3366
74
1317
2858
2055
3692
1762
1719
4410
3932
2886
4105
2747
3294
958
2560
3845
775
1275
3663
4135
1010
3341
4087
2530
4125
4396
4409
1547
4803
851
4192
670
1202
3791
2218
2793
2314
3462
1147
2730
3716
97
3938
425
4388
4955
3731
4994
3024
4047
2701
203
61
1377
4180
4666
3021
704
2658
546
3878
110
4611
3454
4194
266
2509
3897
2602
4172
3676
4120
4385
1152
1003
214
1336
413
1463
506
3469
1992
4740
1661
2552
1064
4045
1110
1054
4059
1494
2851
1780
3372
3421
4433
1853
4787
1309
1944
3456
2127
3320
1665
838
1951
4914
1210
4965
3277
1004
Optimal makespan = 5394.64
