Jobs, Machines = 200, 100
Processing times (line n contains processing time for job n for machines 1 to m):
2934
4909
357
4588
2953
2528
990
765
3630
1019
936
2986
1158
4771
2771
2836
3036
3080
4968
280
652
1503
398
1077
3020
1653
2408
1584
2814
1666
432
2776
3156
2875
1786
3133
3633
956
990
322
662
4717
3413
1412
2676
1637
3169
1235
964
391
3920
4541
4253
4954
601
4559
3602
3518
3977
3476
619
3590
839
3386
2239
2482
2002
2963
730
2145
4160
1736
4386
1749
761
185
1558
1494
454
2629
1729
1417
1314
278
3879
2726
2791
3371
1095
4344
696
3685
94
2773
2752
2431
1548
3727
292
3495
10
4167
2839
3880
3604
3314
3703
4990
2653
3083
3723
1601
4681
64
3330
3036
1383
1964
2202
1025
4900
493
939
502
2554
3025
2848
3944
1355
1534
3079
1306
2775
4238
4007
4262
3300
4202
2833
4135
4105
3111
2665
1232
3661
2272
3692
4423
806
2430
3862
1724
2531
1408
1195
1768
1712
908
1507
3374
317
1980
394
681
4785
3440
4152
2856
152
727
1311
714
1802
3585
1475
1254
4053
2636
4889
1087
1654
2866
3866
4946
3362
854
1494
1632
458
2269
3082
2502
1426
360
3331
4060
100
3951
79
3214
Optimal makespan = 4990
