Jobs, Machines = 100, 50
Processing times (line n contains processing time for job n for machines 1 to m):
798
2934
3262
663
4597
1329
3259
1165
2442
4923
3270
1043
4219
3020
36
2395
2776
2042
1564
46
3227
3288
2340
3596
4103
3599
4173
209
235
4851
304
1297
733
2748
2317
1249
3174
3067
4310
1094
3176
893
3757
3703
1781
2272
1609
4265
4302
3266
3692
4780
1118
969
3443
3249
899
98
4330
2828
4184
778
4987
4532
1848
4240
932
4944
4300
341
2297
489
3692
3963
4214
696
4090
4630
982
2597
896
1350
830
4963
136
1159
4833
2617
4700
4690
4438
319
2108
1605
617
986
4904
262
2821
430
Optimal makespan = 5070.54
