Jobs, Machines = 200, 100
Processing times (line n contains processing time for job n for machines 1 to m):
773
49
1145
4707
4299
841
1647
448
830
234
1790
2353
3311
2917
2645
2936
1209
682
487
1766
4147
953
1773
2531
1798
2417
2297
930
781
2289
3975
4955
3210
465
1158
4332
3002
4485
3871
1767
2970
1441
2811
1755
1137
4506
3280
4278
511
3395
122
2082
9
3643
2664
793
1306
2687
620
3137
3376
2984
4102
3756
645
3123
4922
1532
1252
1538
2356
2050
759
4896
2391
3403
2559
68
2562
578
4258
50
4642
1230
4343
4854
742
471
2174
3154
1994
1310
108
2546
2941
1540
1967
1373
409
2754
3310
1818
1035
4677
145
3114
1025
3023
1026
2754
1061
631
3835
2937
1718
1921
2308
1526
2721
4278
4452
1119
1547
4574
3224
2348
936
1375
870
2957
1773
2259
2163
3343
4983
2791
1668
2203
1965
2317
4930
203
239
4887
1428
484
2403
4097
2299
4709
300
1755
1745
592
4611
2169
1612
3068
1620
4051
2414
475
2641
2550
1916
1514
3688
544
373
2199
18
4294
1335
4311
1046
4458
3468
1552
4558
1508
1005
3702
2540
2344
4474
4385
2963
1476
3135
1306
1591
4153
3247
614
2905
204
1110
1695
1868
4208
Optimal makespan = 4983
