Jobs, Machines = 100, 50
Processing times (line n contains processing time for job n for machines 1 to m):
2470
3461
238
4533
1717
1018
4617
4680
2513
4618
3896
3468
2477
2860
4330
2351
1185
1906
4700
1575
3092
4496
1712
3112
1954
1184
1174
233
1906
4770
2937
371
2070
3488
1556
3599
1175
3788
1976
4522
601
3808
1699
650
4301
4203
1080
2643
2862
4144
2884
270
2592
3116
52
97
4512
686
1899
3276
4523
1494
629
4942
1432
1929
4566
631
1312
2342
775
4215
4547
1384
1325
1924
4116
2497
4017
2311
2955
918
4678
4622
3657
2883
2224
3252
3977
3725
3702
4243
2234
3489
200
3135
2641
4924
918
1690
Optimal makespan = 5281.62
