Jobs, Machines = 200, 100
Processing times (line n contains processing time for job n for machines 1 to m):
1689
3322
1668
969
790
3070
2708
2924
1706
2529
1448
3577
3611
4434
1499
2711
835
2307
3389
4738
4020
859
4719
1643
4927
2568
3244
4273
2610
384
1025
705
275
1397
2233
4040
2214
1790
546
2162
3074
4214
4984
3045
3684
2780
3985
4945
3745
2961
2323
2232
865
4238
1446
1439
3633
3362
2546
4605
755
2051
4955
1769
685
183
1521
485
3676
498
4374
4722
1849
296
1713
1034
1520
2493
4825
3384
4364
3285
2955
4465
1745
2125
4933
3373
2093
1020
2169
4835
3752
1203
2084
243
4149
3330
1811
484
1173
2111
2525
1004
648
2490
1277
1629
4892
364
4885
4873
3604
2149
2075
691
2109
134
4600
490
1643
2593
1535
4141
861
2249
4605
3099
1087
3743
658
373
4129
2647
2600
3936
33
345
1954
2390
3380
1115
1804
1783
4114
436
4704
1024
14
4046
1633
729
2744
2283
3271
3416
477
4109
4464
3695
2956
4132
4310
218
3107
4698
1529
4997
3670
1246
1710
3016
866
1187
427
4872
3807
1695
1357
1192
3898
2294
3304
1901
278
2143
554
3784
733
1059
656
4375
1838
4389
4009
3338
2452
2374
4535
2075
Optimal makespan = 4954.36
