Jobs, Machines = 100, 50
Processing times (line n contains processing time for job n for machines 1 to m):
608
3669
2005
2284
1318
928
4833
3514
168
173
2836
2977
2876
3447
2480
4303
2059
4808
4900
2306
780
1663
1402
1927
1941
697
3453
3682
2306
491
4791
1460
2560
2333
2689
4061
3610
2854
1853
1028
960
485
1814
1687
4206
2368
207
4973
614
2011
483
2714
4077
1354
1817
2351
441
3128
4310
3259
788
3564
4807
2631
4387
3374
4144
3103
1260
4351
3612
1411
4120
2496
1206
4384
3266
560
246
2556
1461
622
3532
4921
129
643
3911
4925
4853
1896
743
4775
4204
4041
2525
4229
1233
412
3034
2088
Optimal makespan = 5035.5
