Jobs, Machines = 100, 50
Processing times (line n contains processing time for job n for machines 1 to m):
2166
576
297
2774
3400
4281
2014
4871
3431
3058
139
4088
3207
3995
4635
752
1707
1417
4293
3020
65
2147
1412
4112
1823
287
4991
3168
476
3991
884
3373
2727
72
1272
195
1404
2426
3361
341
963
4049
1966
3920
3945
3005
3018
1655
4323
1018
4566
4497
1449
1926
4918
1782
4554
4062
4148
320
3575
442
4016
4537
502
3883
464
910
2859
2434
2469
4467
2513
1467
2090
993
207
1255
4786
2547
1061
846
2863
2458
1592
1679
2196
4836
1114
1803
122
4597
320
2118
4767
4742
1583
1909
454
2353
Optimal makespan = 4991
