Jobs, Machines = 200, 100
Processing times (line n contains processing time for job n for machines 1 to m):
2254
3138
3655
1419
2148
4169
728
2814
45
4195
1261
1779
1213
3803
2283
4321
3502
1255
4523
854
2910
4043
3080
4181
800
337
2536
2657
3191
4672
2877
2099
3553
1113
1111
4147
1322
3895
4348
2822
2612
4546
3696
576
2972
4309
3239
3987
4940
4754
104
3853
4327
4956
4024
1411
1138
3481
3339
2304
1563
1129
1063
4720
3353
2546
3053
1705
117
2330
1447
264
1196
3214
3773
4825
4975
2954
4893
2491
1289
3975
1404
4566
1962
1480
1485
37
1949
2442
2370
2881
1759
2493
3639
108
3843
535
3627
4564
4762
94
4836
3859
2724
4938
1569
2215
3469
2163
4709
4394
2648
2976
3852
186
4191
1813
1236
4398
1221
1644
489
2445
4920
4575
2980
634
3081
1323
2321
1615
2257
4859
1455
2382
2963
3179
2715
2019
3891
2322
4375
1234
2316
4124
1155
2666
1751
2316
50
1192
628
1976
801
3040
1091
1609
3727
2677
2091
2630
62
4139
437
739
1071
4669
6
136
4183
3052
3810
1454
4008
4030
2023
1621
3827
2563
2729
2198
1667
1831
641
4031
2504
3678
1297
2966
477
4196
4428
4469
4842
2034
951
3603
3716
2433
Optimal makespan = 5219.32
