Jobs, Machines = 100, 75
Processing times (line n contains processing time for job n for machines 1 to m):
642
36
186
169
714
745
723
69
198
949
386
920
255
804
56
450
177
222
60
999
364
245
216
643
193
653
425
969
21
506
60
808
592
763
48
796
831
742
751
741
493
762
63
530
74
161
278
240
170
868
532
791
923
691
956
774
653
353
765
950
732
258
429
844
115
12
734
96
882
298
124
930
269
78
461
484
89
489
458
627
506
780
1
664
446
524
740
115
497
423
382
451
316
491
84
659
61
105
796
635
Optimal makespan = 629.8533333333334
