Jobs, Machines = 100, 10
Processing times (line n contains processing time for job n for machines 1 to m):
789
420
754
174
572
900
97
85
900
752
121
152
312
919
474
708
712
580
228
999
110
758
613
502
58
258
15
121
360
933
350
726
340
97
331
421
490
288
915
73
478
702
585
331
87
891
755
145
629
329
436
563
19
605
286
514
576
141
899
460
942
579
970
313
306
521
746
677
547
523
892
629
967
632
566
941
534
492
951
819
462
316
374
210
636
236
768
400
733
105
250
958
466
553
587
353
762
740
575
102
Optimal makespan = 5098.0
