Jobs, Machines = 150, 75
Processing times (line n contains processing time for job n for machines 1 to m):
3928
80
351
1891
4150
803
2801
4377
1680
3301
1900
1341
2961
1532
2435
1901
2464
4994
3214
4709
1029
2652
4028
2884
4232
3504
3778
2366
4879
3768
3016
4860
3409
3
890
4714
2527
1428
2112
3254
4380
3897
3999
2993
3376
3950
807
2221
275
2241
4534
1739
4370
1550
619
18
489
3420
2742
4110
2411
4228
2631
1668
1237
395
3575
4592
644
2922
3253
2085
1798
840
3287
2901
3704
2811
1720
227
916
1846
4543
4915
1477
4504
4862
3569
1814
410
3511
263
1702
3368
3692
1759
2335
4986
2627
4340
2969
4536
4910
1510
2138
430
804
1041
3539
2269
3296
789
4570
1933
3062
1683
1374
557
3318
1082
769
1769
695
3037
1414
347
2083
4548
863
2743
4309
2434
1039
3362
149
3609
2491
4893
3720
3551
515
2624
4242
3803
1275
478
4833
2123
3510
1823
Optimal makespan = 5134.733333333334
