Jobs, Machines = 200, 100
Processing times (line n contains processing time for job n for machines 1 to m):
3826
4954
3385
4598
3453
4303
3182
709
2938
4566
1019
4221
329
4079
734
305
303
3397
3525
2357
3987
3459
600
697
380
859
4912
141
1595
1170
4783
3483
1386
3279
1278
1506
864
2282
4107
3969
3396
1924
2270
362
3766
4505
3372
2141
1532
3666
2963
3790
1653
1614
3378
267
1618
4299
2698
2515
4203
4099
2575
4725
791
453
453
3119
1078
432
1820
3348
526
4740
2685
973
4929
3495
1223
10
1837
3790
1938
1348
4500
1544
1669
2383
3058
4875
162
3288
4518
4017
1907
3715
3550
4183
3569
554
3460
4343
3532
4241
3311
1174
3119
3478
4954
4927
3366
2350
1274
1579
4404
4015
3142
3419
2789
3629
2868
1058
3536
4939
3783
3744
3107
4494
1668
4565
633
792
1257
2762
4840
2159
4763
449
2753
2665
4873
1121
3089
4335
1941
2256
682
4999
495
2385
3556
3706
4873
4249
1510
3429
4487
1986
4647
4272
2761
1047
4390
1599
4627
4772
2999
560
675
3344
1616
1923
1876
453
1057
3513
2059
4132
3962
2982
727
405
549
534
3105
1813
4585
4408
2553
3600
3081
2221
294
4925
4329
315
1462
599
1664
501
Optimal makespan = 5329.8
