Jobs, Machines = 100, 10
Processing times (line n contains processing time for job n for machines 1 to m):
236
3981
906
2764
2896
145
4226
2798
3463
1203
4454
2963
2517
253
3563
4765
563
2629
3050
754
1528
3551
1889
1111
1032
4416
2878
3607
1338
2562
4413
729
432
4075
4730
543
1096
1479
3634
1338
4612
2841
498
1613
3099
1845
1361
2670
4980
3539
16
3137
2245
4122
3440
1928
1307
1641
1047
3048
1151
1304
3454
3429
156
4410
2644
3239
649
1313
3851
1680
2800
4040
244
1373
1215
4792
1346
1870
1796
2945
462
1799
4661
4566
1479
4060
716
2761
1068
4629
1573
4968
1800
3886
3825
97
270
3083
Optimal makespan = 23890.3
