Jobs, Machines = 1000, 175
Processing times (line n contains processing time for job n for machines 1 to m):
236
3981
906
2764
2896
145
4226
2798
3463
1203
4454
2963
2517
253
3563
4765
563
2629
3050
754
1528
3551
1889
1111
1032
4416
2878
3607
1338
2562
4413
729
432
4075
4730
543
1096
1479
3634
1338
4612
2841
498
1613
3099
1845
1361
2670
4980
3539
16
3137
2245
4122
3440
1928
1307
1641
1047
3048
1151
1304
3454
3429
156
4410
2644
3239
649
1313
3851
1680
2800
4040
244
1373
1215
4792
1346
1870
1796
2945
462
1799
4661
4566
1479
4060
716
2761
1068
4629
1573
4968
1800
3886
3825
97
270
3083
1928
890
153
1739
2465
3213
607
490
153
3411
4980
4962
2179
1757
4363
1875
2519
3271
328
2225
2219
21
1969
3982
2034
2675
610
1877
3083
184
3641
406
3304
506
2190
3285
812
3719
1742
697
1980
451
3894
2469
870
2809
3369
4174
2268
2738
2418
1486
1880
4753
3997
4548
885
3395
3375
4510
4160
844
4642
2691
254
669
1312
1053
4319
110
3593
4659
592
833
2073
1138
3051
2093
1296
1695
476
2959
2715
2284
4183
392
1456
879
2493
3828
4387
4197
2789
1825
2500
3796
2278
4784
4998
2128
1112
2465
1835
4811
4803
3801
1763
3743
4421
3573
146
1192
1188
4562
2730
1351
3303
2289
691
1325
618
2231
1528
2833
4721
2781
4976
2172
4421
3343
3606
3453
1881
4015
4663
2575
4814
144
3482
3797
4602
3003
627
1581
3110
151
2487
4621
4473
1997
4824
424
638
3116
4979
807
1628
625
3326
838
2466
2220
4793
3014
602
4636
2092
2387
607
4065
411
543
1089
1175
2659
71
653
2279
1201
318
2503
2830
3237
1475
2525
4346
3563
566
2954
1466
4953
2807
3806
4947
4459
106
4133
804
3498
4434
4867
214
2142
3237
4718
4945
2844
1764
3365
4322
320
2548
1583
4209
2560
2563
1821
3791
716
1707
4891
4329
1595
3968
3622
1804
2567
2145
3727
2149
4440
2252
4004
3776
380
2593
1884
3047
3735
3527
1701
2844
3558
4661
1639
1523
4831
3450
819
815
520
4369
2792
1694
908
1019
1807
3615
945
733
705
2792
3213
4754
4859
418
4619
2694
43
1623
1850
313
374
722
154
334
2833
4057
887
4764
2995
2885
1668
1723
3597
2893
2401
1889
1424
4453
4603
2963
1183
4028
3718
145
1888
957
3821
2336
4708
1325
2841
916
2053
2600
2173
2211
4139
3919
2771
3111
379
3761
4219
3846
3303
2268
297
4294
1487
2854
874
335
2588
4788
3103
940
175
1034
4932
3844
4919
3426
1984
1252
1617
3357
678
1473
403
455
3037
4001
1839
64
659
2981
2206
2845
1591
2078
1208
3996
1899
3218
72
1628
904
3453
468
4281
2977
4813
3175
4276
1633
2591
3223
2310
4192
3434
3479
3189
1390
3095
2270
4115
53
4219
3616
3378
739
1492
378
2222
2796
4439
1713
413
4892
1836
2196
839
4441
1019
4311
1548
1474
272
1879
3520
3735
1134
1640
3539
4265
4781
2924
2649
1255
3969
4337
3426
1107
968
2549
15
4773
929
898
1369
1047
3875
2245
3012
3761
1171
3426
3724
652
4474
4941
4677
2222
4649
4872
776
4343
264
163
2181
1982
119
3251
2478
2303
3990
115
3454
4189
733
2800
666
3562
4344
270
4213
1063
2262
412
3234
1023
1440
246
4210
2343
2916
4163
1953
3915
929
1391
3913
2413
3865
382
2273
2201
4374
2042
2095
2340
3966
1569
4346
4455
2420
2987
4154
1690
2849
4457
4743
4290
1568
4238
2461
1680
2846
1776
62
3796
1595
4841
799
2145
3581
4911
340
505
1913
3183
3575
4362
2433
4502
1532
3147
3222
2466
3960
3878
3628
3176
4642
1450
70
2759
2155
32
3366
2087
1949
3851
1493
3581
2925
700
3638
122
753
2866
459
4972
4783
2204
674
2600
1890
4879
78
4645
781
2486
1911
1307
2022
2811
3968
484
3597
1770
4964
742
1517
1592
3521
3549
3369
1341
3655
4530
179
3745
4373
551
450
3162
2836
3115
3990
98
1026
2138
2043
2957
3953
19
1998
473
2541
1320
3200
1511
4065
165
4451
128
4084
4335
2056
3185
3123
1185
2860
2758
1634
4471
4276
3667
2738
2003
2784
4862
4502
4627
4783
2221
732
3210
512
2200
2144
4852
2790
3488
1666
85
4122
412
1787
4665
777
1976
1902
3084
2200
467
1030
880
2863
118
4011
2958
659
1176
3630
480
4026
3440
2494
1705
4850
329
1303
2051
4404
4552
1905
3800
3150
831
1281
3368
1836
940
4043
1891
866
4419
4939
604
3334
3104
2572
4484
4791
2062
3132
4989
1465
722
3209
2437
327
1869
842
4102
4560
3157
2523
2056
1260
2371
1185
943
2508
2899
301
2523
3413
3856
450
1077
2394
3860
1004
1810
4334
2303
3218
3090
2803
4417
3957
44
4579
4152
3334
3933
2240
3765
2154
2004
4023
1285
3614
2522
2281
2650
1068
2303
3443
3956
2665
1881
96
285
3137
115
3839
4923
2905
3712
2059
3948
3573
2058
3743
3908
2123
1372
1986
214
4267
3719
2213
3063
3544
2236
1801
4534
4203
2070
3140
3087
4117
2429
266
4651
963
3899
1316
1868
747
86
2989
1259
3063
3293
4489
3871
3649
4814
2215
4341
2956
1977
724
845
745
356
3654
3132
2078
1347
2684
3912
250
1981
2045
924
3938
990
503
2826
836
832
3861
2468
157
1117
3963
4916
2565
972
32
741
3149
2485
1831
1620
4976
3557
4171
3655
923
186
3871
1831
915
992
2547
4960
683
3442
3315
967
2204
3891
763
4123
3010
2406
2835
4350
4563
4839
1394
2623
3064
3751
4760
2629
1734
1475
4856
1230
3826
1941
1093
1619
311
3798
2432
3048
2552
4811
3162
3864
863
2830
4492
1419
1049
4012
1756
4730
2190
3
2372
4331
3461
1181
3046
4271
4175
4714
1244
849
2532
2760
2311
4886
1985
2139
4106
861
3059
Optimal makespan = 14318.377142857144
