Jobs, Machines = 100, 50
Processing times (line n contains processing time for job n for machines 1 to m):
899
3856
3810
3393
2066
4714
3320
4805
3317
1333
2261
4455
2169
2328
4467
2643
2103
4154
3227
1970
4488
1709
403
4520
9
340
2575
134
2488
73
916
2806
2281
3458
3182
3725
2036
3612
1101
1731
1987
3772
3290
2864
2863
2266
1823
1132
2198
653
4111
1605
3180
1745
989
1491
341
2535
4637
1007
2111
1648
3323
485
2826
3183
3810
1236
1856
969
2363
4333
3879
915
2845
38
4278
4984
4088
549
718
2535
3829
2399
3121
214
2393
3568
2808
216
3663
3261
2022
539
4170
714
4746
3492
2119
3353
Optimal makespan = 4984
