Jobs, Machines = 150, 75
Processing times (line n contains processing time for job n for machines 1 to m):
2558
3619
809
865
2410
1394
921
2772
3426
3935
242
3532
3740
3142
4757
1999
1688
321
4261
2179
4112
3687
1192
480
827
4036
2977
1036
4633
1028
3452
3503
4813
2383
663
1230
2328
4863
4897
3379
209
2299
2115
3842
4988
2242
21
2935
572
1245
4999
1212
2334
620
2876
957
3888
2181
3188
1209
335
1553
2053
3024
1204
683
3817
303
4943
988
3053
4620
1999
470
3739
4562
4431
1245
4757
343
935
3343
3285
2732
823
2141
2010
4786
1753
357
2211
2104
1287
290
2967
2020
4115
4839
235
3716
3961
733
2476
2632
4814
276
3680
2066
2114
2684
4189
3423
3002
3426
1506
1730
4956
4331
3125
1596
4686
2950
2986
1421
175
2812
775
1369
2266
3575
4222
1368
1426
3653
1169
1620
3945
4904
4843
2137
1680
1784
2484
3460
2132
2167
3039
1935
319
2315
Optimal makespan = 4999
