Jobs, Machines = 150, 75
Processing times (line n contains processing time for job n for machines 1 to m):
2776
1580
1335
2941
4031
2137
253
3144
4607
3844
1259
10
1284
2626
1443
36
4889
1579
651
2005
3507
101
186
4346
1191
3662
4492
2169
2523
4661
1115
1776
65
2538
3999
1745
2260
2355
4326
587
1956
2622
3246
153
1904
2992
4908
3276
2147
2629
4563
4434
1212
4859
337
3987
4815
3866
199
1679
4990
1527
190
1467
564
3063
4353
4333
4223
4175
2922
464
4226
4495
1172
4173
3592
1351
1223
2941
2522
339
1874
4691
1953
965
1659
1887
469
4518
188
3517
2010
3634
1344
4706
3216
4354
4993
192
1502
1084
1343
54
2478
3367
4411
4871
4993
1754
1634
1139
1933
2126
2763
4272
2293
4805
3559
3305
4747
3925
1641
809
2549
957
2463
4901
471
4816
3339
3938
3979
916
2278
1763
4082
1380
378
2214
2469
4430
304
2872
62
2890
3615
691
4439
1831
Optimal makespan = 5055.04
