Jobs, Machines = 200, 100
Processing times (line n contains processing time for job n for machines 1 to m):
1985
932
3981
4067
322
4340
1626
4504
4379
2489
2247
3057
3157
1130
4276
4573
1740
3165
3512
3218
123
2787
4893
4406
1556
675
3845
2876
4173
3699
4260
3078
2024
3710
1260
3679
544
2238
278
3936
3465
3253
3147
2151
4923
642
725
1046
1296
3251
2053
1888
3761
396
4974
904
638
3803
2462
435
175
3200
1449
2187
1014
4174
4523
339
3633
2450
2152
1379
1395
4054
1315
1907
3538
98
2390
1666
2299
1136
3592
1434
3083
442
3986
1866
327
2312
3972
2916
4275
2844
3152
1345
2578
1090
2539
3007
1801
376
1555
989
2081
726
4277
4599
3726
4268
3422
3791
667
1172
164
674
1115
1359
2047
1923
1440
2306
546
4257
3235
1696
69
1964
4534
7
44
2817
1342
4690
1400
753
4120
3833
2947
4168
2208
3275
3882
2150
662
3154
2565
964
4261
2614
4547
2266
626
3853
1299
1548
977
2722
424
4608
2441
501
321
2900
3341
3813
4715
4384
3451
2184
1485
2178
3182
3307
4661
177
4302
338
2672
4185
760
2690
44
2729
1058
2872
279
3030
4714
4204
1592
97
1527
3738
4003
2953
4453
1778
1581
2289
Optimal makespan = 4974
