Jobs, Machines = 100, 50
Processing times (line n contains processing time for job n for machines 1 to m):
2884
4918
1739
2056
860
1572
814
361
3679
2533
3488
623
546
2347
1812
2616
4281
4479
2600
803
2806
3044
483
23
2908
2735
3498
1175
4389
148
690
2943
1851
2239
441
4075
2968
974
1192
1718
461
3676
4909
398
1115
2205
1702
4167
4354
3118
4028
4757
2769
4284
2921
3430
3551
3642
159
2142
99
1325
9
4120
4765
2779
1669
4427
2606
1882
1138
2718
3817
3137
1176
3576
4542
653
4399
1625
1404
3215
245
4209
2309
1657
2459
3190
1714
1887
2237
1856
1022
4128
4578
1120
3452
599
795
4849
Optimal makespan = 4918
