Jobs, Machines = 100, 50
Processing times (line n contains processing time for job n for machines 1 to m):
2533
400
3265
1260
1147
4751
234
88
2071
4453
1466
3419
3384
4976
4466
4351
3084
2927
4854
1767
930
2827
678
4166
587
3138
273
4885
1569
4096
1527
2655
3775
690
4013
2655
2074
3339
211
3906
1952
692
4515
1860
2225
2065
137
2333
251
2814
3281
2410
3131
4959
1374
3819
4403
2420
3048
2818
1900
3703
3494
924
1149
3159
2313
1411
2702
3433
1944
3991
433
3924
3125
2739
4757
433
3311
4152
731
3378
2274
2999
1768
2014
3800
1369
4438
1249
4809
2960
4593
3622
3252
281
2280
1947
4986
1280
Optimal makespan = 5208.48
