Jobs, Machines = 100, 50
Processing times (line n contains processing time for job n for machines 1 to m):
4274
664
1388
3894
1888
4417
2552
1326
991
433
842
2663
4699
4475
4082
1923
810
77
5
2718
4938
1368
4739
2849
3757
4648
1738
4132
4227
2389
4886
824
18
2103
1661
4086
4681
2311
3322
568
1336
4857
164
4834
116
4340
1147
2217
4477
3716
4678
421
3655
3208
4087
2427
2350
4486
1863
1341
1839
12
2062
658
3941
4532
3150
4409
2150
301
4484
3482
811
2714
3491
126
1489
1657
3611
4055
2380
3346
3659
444
4825
567
4121
2858
4830
3116
4571
4073
1855
2168
684
3406
3204
2172
1821
147
Optimal makespan = 5246.14
