Jobs, Machines = 100, 50
Processing times (line n contains processing time for job n for machines 1 to m):
2131
3608
3880
3329
3329
1321
3261
2304
1787
3877
649
1925
4113
4918
4929
2255
272
4499
1157
2918
4686
143
1738
3114
4454
1882
4913
4853
1635
2663
2465
3344
991
3299
1544
3052
2615
3568
357
2514
773
998
1596
3110
456
910
468
2795
538
2589
2262
2627
934
3633
3022
4760
812
478
4059
2947
2223
858
4671
88
3750
832
3558
4037
3990
2346
2799
2499
4116
1333
2440
1795
4878
3278
2058
136
1187
71
848
2345
3431
714
2685
2490
3888
3655
2261
2960
2290
2371
3206
2810
518
3476
3166
2064
Optimal makespan = 4963.6
